0.000322	0.847342	0.003485	0.148851	2
0.000000	0.000015	0.999968	0.000017	3
0.000011	0.000013	0.999808	0.000169	3
0.968056	0.000002	0.031921	0.000022	1
0.099118	0.000055	0.900605	0.000222	3
0.000159	0.751727	0.163669	0.084445	2
0.000006	0.000063	0.999880	0.000050	3
0.000902	0.111969	0.004470	0.882659	4
0.000016	0.000030	0.999934	0.000020	3
0.002163	0.961009	0.000981	0.035847	2
0.954243	0.000052	0.045351	0.000353	1
0.059199	0.811473	0.005252	0.124076	2
0.999794	0.000135	0.000029	0.000042	1
0.999601	0.000020	0.000258	0.000121	1
0.126016	0.553928	0.268357	0.051699	2
0.000001	0.000004	0.999991	0.000004	3
0.003125	0.022959	0.088350	0.885566	4
0.002784	0.129059	0.014030	0.854127	4
0.000006	0.000005	0.999968	0.000021	3
0.983670	0.000012	0.015918	0.000400	1
0.995451	0.001673	0.001843	0.001033	1
0.994336	0.000069	0.005566	0.000028	1
0.000189	0.990810	0.000180	0.008821	2
0.000021	0.000239	0.999611	0.000128	3
0.999437	0.000006	0.000538	0.000019	1
0.000003	0.000083	0.999822	0.000093	3
0.000108	0.944100	0.002268	0.053524	2
0.994251	0.000794	0.004570	0.000385	1
0.002854	0.001324	0.993525	0.002298	3
0.000038	0.984528	0.000122	0.015312	2
0.000165	0.000064	0.999741	0.000029	3
0.000001	0.000072	0.999902	0.000026	3
0.017474	0.316063	0.090913	0.575550	4
0.999728	0.000006	0.000237	0.000029	1
0.000567	0.622344	0.007263	0.369826	2
0.000118	0.000383	0.998857	0.000643	3
0.997711	0.000274	0.000473	0.001542	1
0.000066	0.976754	0.000123	0.023057	2
0.999385	0.000015	0.000447	0.000154	1
0.252829	0.113012	0.530659	0.103500	3
0.971120	0.002423	0.020777	0.005681	1
0.978135	0.004909	0.002405	0.014551	1
0.994869	0.000082	0.003301	0.001749	1
0.000058	0.978567	0.000031	0.021345	2
0.000022	0.996199	0.000083	0.003695	2
0.000064	0.000001	0.999933	0.000002	3
0.000005	0.000441	0.998920	0.000634	3
0.981413	0.000024	0.017857	0.000706	1
0.000017	0.007965	0.990029	0.001989	3
0.922638	0.000674	0.004704	0.071984	1
0.998870	0.000002	0.001118	0.000011	1
0.007591	0.121353	0.001322	0.869734	4
0.983985	0.000129	0.009874	0.006013	1
0.000093	0.981646	0.000028	0.018233	2
0.003686	0.002346	0.984945	0.009023	3
0.000040	0.978561	0.001006	0.020394	2
0.001826	0.035915	0.731050	0.231208	3
0.056559	0.889983	0.001236	0.052223	2
0.000000	0.000004	0.999992	0.000003	3
0.001412	0.075267	0.006793	0.916528	4
0.070246	0.006745	0.869314	0.053694	3
0.036767	0.000220	0.962812	0.000200	3
0.004881	0.899965	0.000010	0.095144	2
0.811524	0.004116	0.021992	0.162368	1
0.999782	0.000002	0.000177	0.000039	1
0.928609	0.000760	0.067551	0.003080	1
0.047836	0.236892	0.001253	0.714019	4
0.000283	0.029101	0.969496	0.001120	3
0.977896	0.000663	0.016404	0.005037	1
0.998024	0.000177	0.000904	0.000896	1
0.000251	0.000247	0.999347	0.000155	3
0.271595	0.045945	0.617952	0.064508	3
0.737304	0.003430	0.248258	0.011008	1
0.002272	0.883230	0.000033	0.114465	2
0.999868	0.000003	0.000114	0.000016	1
0.000040	0.000129	0.999656	0.000175	3
0.000296	0.312999	0.087777	0.598928	4
0.999876	0.000000	0.000119	0.000005	1
0.006439	0.963635	0.013666	0.016260	2
0.001283	0.966328	0.001121	0.031268	2
0.000043	0.000151	0.999681	0.000126	3
0.999826	0.000007	0.000125	0.000041	1
0.998553	0.000024	0.001303	0.000119	1
0.507007	0.000389	0.097035	0.395569	1
0.999997	0.000000	0.000002	0.000001	1
0.009086	0.106828	0.002126	0.881959	4
0.000010	0.997077	0.000003	0.002910	2
0.000010	0.000305	0.999541	0.000144	3
0.002858	0.058839	0.921471	0.016833	3
0.998714	0.000003	0.001042	0.000241	1
0.991467	0.002831	0.000851	0.004852	1
0.988915	0.000147	0.010341	0.000597	1
0.012555	0.922979	0.001242	0.063223	2
0.120749	0.022624	0.011381	0.845246	4
0.000002	0.000000	0.999993	0.000005	3
0.000829	0.000311	0.998383	0.000476	3
0.000007	0.992102	0.000027	0.007865	2
0.000000	0.000012	0.999923	0.000065	3
0.000052	0.967156	0.002658	0.030134	2
0.987586	0.000006	0.012386	0.000022	1
0.000000	0.000012	0.999981	0.000006	3
0.000021	0.926231	0.063804	0.009944	2
0.911093	0.000648	0.061492	0.026767	1
0.011592	0.008654	0.978645	0.001109	3
0.000329	0.494990	0.001531	0.503150	4
0.000126	0.948576	0.000158	0.051140	2
0.000014	0.938356	0.000028	0.061602	2
0.000006	0.000103	0.999885	0.000006	3
0.000032	0.000279	0.999600	0.000089	3
0.995441	0.000003	0.004503	0.000053	1
0.000190	0.000299	0.999163	0.000348	3
0.000162	0.000005	0.999821	0.000013	3
0.737994	0.000186	0.261373	0.000447	1
0.992248	0.000478	0.005853	0.001421	1
0.001315	0.732423	0.000777	0.265485	2
0.000034	0.998677	0.000004	0.001286	2
0.000000	0.000000	0.999996	0.000004	3
0.830052	0.002357	0.130018	0.037572	1
0.002567	0.743456	0.002277	0.251701	2
0.945000	0.022232	0.030039	0.002729	1
0.013203	0.387155	0.001120	0.598522	4
0.000025	0.000228	0.999673	0.000074	3
0.000004	0.000005	0.999955	0.000036	3
0.975770	0.001798	0.021921	0.000512	1
0.000001	0.000159	0.999565	0.000275	3
0.010154	0.882276	0.002906	0.104664	2
0.999612	0.000001	0.000379	0.000007	1
0.998228	0.000030	0.001252	0.000490	1
0.999807	0.000005	0.000116	0.000072	1
0.006422	0.473381	0.011119	0.509078	4
0.000087	0.997619	0.000012	0.002282	2
0.000006	0.000103	0.999150	0.000741	3
0.000537	0.000013	0.999433	0.000017	3
0.053581	0.763425	0.005727	0.177266	2
0.000000	0.000061	0.999912	0.000026	3
0.000014	0.000836	0.993748	0.005402	3
0.058540	0.000415	0.937136	0.003908	3
0.000024	0.997951	0.000251	0.001774	2
0.001180	0.994016	0.000484	0.004320	2
0.072326	0.845973	0.059380	0.022321	2
0.001626	0.213184	0.017722	0.767468	4
0.000041	0.000845	0.989877	0.009237	3
0.000086	0.982920	0.000877	0.016117	2
0.000709	0.450668	0.002327	0.546296	4
0.000187	0.992405	0.003383	0.004025	2
0.000015	0.000003	0.999980	0.000002	3
0.000344	0.710638	0.005687	0.283331	2
0.000074	0.984879	0.000438	0.014609	2
0.000001	0.001155	0.998808	0.000036	3
0.000009	0.000289	0.999679	0.000023	3
0.999555	0.000002	0.000426	0.000017	1
0.207713	0.646574	0.033084	0.112629	2
0.000054	0.986234	0.000050	0.013662	2
0.037383	0.899930	0.053094	0.009592	2
0.974665	0.000204	0.024374	0.000756	1
0.000144	0.928718	0.000085	0.071053	2
0.665533	0.000046	0.333808	0.000614	1
0.000017	0.000030	0.999917	0.000036	3
0.001554	0.925345	0.000283	0.072818	2
0.000075	0.860446	0.000593	0.138885	2
0.048868	0.000005	0.951070	0.000057	3
0.000007	0.000000	0.999992	0.000001	3
0.006499	0.344714	0.001711	0.647076	4
0.993237	0.000002	0.006738	0.000024	1
0.000003	0.000052	0.999930	0.000015	3
0.000426	0.029555	0.000376	0.969644	4
0.000046	0.608075	0.000131	0.391747	2
0.860056	0.003612	0.117785	0.018547	1
0.999921	0.000010	0.000020	0.000049	1
0.999708	0.000062	0.000183	0.000047	1
0.000007	0.999254	0.000014	0.000725	2
0.999872	0.000004	0.000105	0.000019	1
0.013644	0.000091	0.985446	0.000819	3
0.000563	0.256165	0.031849	0.711422	4
0.019224	0.065733	0.004123	0.910920	4
0.000000	0.000016	0.999977	0.000006	3
0.000044	0.002365	0.993149	0.004442	3
0.000268	0.459475	0.022221	0.518036	4
0.000008	0.000043	0.999919	0.000031	3
0.941141	0.001125	0.012531	0.045203	1
0.999431	0.000003	0.000555	0.000011	1
0.978039	0.001704	0.009330	0.010927	1
0.997951	0.000002	0.002039	0.000008	1
0.000588	0.835436	0.014803	0.149174	2
0.000228	0.000391	0.998187	0.001195	3
0.002228	0.178540	0.008587	0.810645	4
0.999059	0.000005	0.000911	0.000025	1
0.997836	0.001386	0.000553	0.000225	1
0.000614	0.749736	0.004331	0.245319	2
0.000172	0.986086	0.000019	0.013723	2
0.999864	0.000001	0.000124	0.000012	1
0.004202	0.001409	0.992846	0.001543	3
0.001391	0.003242	0.991783	0.003584	3
0.989097	0.003296	0.001452	0.006154	1
0.082077	0.278840	0.003585	0.635497	4
0.000021	0.000128	0.999512	0.000340	3
0.999137	0.000039	0.000394	0.000430	1
0.000009	0.000163	0.999428	0.000400	3
0.000085	0.003363	0.993083	0.003470	3
0.999756	0.000055	0.000071	0.000119	1
0.000072	0.819562	0.001696	0.178670	2
0.009074	0.014571	0.000299	0.976056	4
0.000097	0.000023	0.999825	0.000056	3
0.999485	0.000002	0.000498	0.000015	1
0.997979	0.000009	0.000297	0.001716	1
0.000563	0.959116	0.003243	0.037078	2
0.002213	0.987883	0.001652	0.008251	2
0.003702	0.000006	0.996269	0.000024	3
0.998687	0.000024	0.001115	0.000174	1
0.968054	0.000079	0.030358	0.001509	1
0.000006	0.000411	0.999270	0.000313	3
0.000473	0.044867	0.005155	0.949505	4
0.000002	0.000015	0.999970	0.000013	3
0.012523	0.000076	0.986545	0.000857	3
0.958877	0.001059	0.030537	0.009528	1
0.987403	0.000398	0.009745	0.002454	1
0.000022	0.000068	0.999324	0.000586	3
0.999654	0.000035	0.000281	0.000030	1
0.000024	0.000037	0.999876	0.000063	3
0.000245	0.854656	0.003707	0.141392	2
0.000052	0.962929	0.000341	0.036678	2
0.005645	0.315216	0.185324	0.493816	4
0.000051	0.000097	0.999804	0.000049	3
0.005122	0.055221	0.901817	0.037840	3
0.998602	0.000001	0.001391	0.000006	1
0.727255	0.003105	0.241220	0.028419	1
0.000964	0.456070	0.004617	0.538350	4
0.001350	0.344906	0.016075	0.637669	4
0.999964	0.000001	0.000019	0.000015	1
0.227058	0.189985	0.001426	0.581530	4
0.001158	0.037912	0.004016	0.956915	4
0.001160	0.822303	0.000910	0.175627	2
0.994593	0.000324	0.000561	0.004522	1
0.000276	0.979942	0.003270	0.016512	2
0.001254	0.001129	0.997537	0.000080	3
0.000000	0.000004	0.999995	0.000001	3
0.002582	0.010269	0.973617	0.013531	3
0.999718	0.000005	0.000238	0.000039	1
0.000181	0.000300	0.999254	0.000265	3
0.003372	0.008681	0.000031	0.987916	4
0.032734	0.454512	0.054941	0.457812	4
0.000309	0.000678	0.997093	0.001920	3
0.000036	0.000003	0.999717	0.000244	3
0.526612	0.091074	0.038504	0.343809	1
0.000122	0.983476	0.000054	0.016348	2
0.002338	0.004741	0.000774	0.992147	4
0.002311	0.374151	0.000028	0.623510	4
0.001244	0.043360	0.082746	0.872650	4
0.000000	0.000001	0.999991	0.000008	3
0.000000	0.000087	0.999705	0.000207	3
0.028205	0.002851	0.008343	0.960601	4
0.199469	0.007927	0.518238	0.274367	3
0.002811	0.008926	0.985157	0.003105	3
0.001175	0.000868	0.993096	0.004861	3
0.004665	0.199882	0.031767	0.763687	4
0.890256	0.004878	0.093661	0.011206	1
0.000964	0.001380	0.994215	0.003442	3
0.000026	0.000008	0.999950	0.000015	3
0.197325	0.080886	0.676353	0.045436	3
0.999909	0.000001	0.000086	0.000004	1
0.039353	0.094605	0.000998	0.865044	4
0.999488	0.000185	0.000172	0.000155	1
0.001519	0.996285	0.000080	0.002116	2
0.945401	0.001961	0.000903	0.051735	1
0.993656	0.000092	0.005281	0.000971	1
0.000001	0.000012	0.999980	0.000008	3
0.003658	0.294299	0.026315	0.675728	4
0.997179	0.000021	0.002604	0.000196	1
0.136919	0.742438	0.084561	0.036081	2
0.997201	0.000031	0.002387	0.000381	1
0.999399	0.000054	0.000375	0.000172	1
0.001210	0.966360	0.001111	0.031320	2
0.636587	0.072767	0.003520	0.287126	1
0.991460	0.000004	0.008506	0.000030	1
0.000002	0.000011	0.999970	0.000017	3
0.979459	0.001228	0.018284	0.001029	1
0.013461	0.123004	0.002427	0.861108	4
0.996482	0.000172	0.002937	0.000409	1
0.000031	0.784779	0.000109	0.215080	2
0.004106	0.716779	0.000450	0.278665	2
0.994950	0.000054	0.004885	0.000111	1
0.000000	0.000002	0.999996	0.000001	3
0.009255	0.005239	0.982468	0.003038	3
0.000001	0.000004	0.999990	0.000005	3
0.891582	0.004312	0.002809	0.101297	1
0.999817	0.000062	0.000072	0.000050	1
0.000002	0.000498	0.999173	0.000328	3
0.033767	0.000421	0.962182	0.003630	3
0.936192	0.001381	0.059601	0.002826	1
0.464425	0.455424	0.004489	0.075662	1
0.962523	0.016873	0.005819	0.014785	1
0.657598	0.003583	0.324253	0.014566	1
0.000098	0.968714	0.000041	0.031146	2
0.067421	0.006362	0.856405	0.069811	3
0.968999	0.004004	0.014054	0.012943	1
0.000488	0.032990	0.001822	0.964700	4
0.995987	0.001073	0.001110	0.001831	1
0.976366	0.003367	0.011739	0.008528	1
0.014134	0.004678	0.978476	0.002711	3
0.014331	0.102760	0.022552	0.860357	4
0.000081	0.995614	0.000026	0.004279	2
0.995508	0.000116	0.002902	0.001474	1
0.000025	0.883601	0.000009	0.116366	2
0.999940	0.000001	0.000043	0.000017	1
0.999520	0.000022	0.000348	0.000110	1
0.044428	0.849222	0.008170	0.098181	2
0.001585	0.000994	0.994718	0.002703	3
0.004287	0.081449	0.000449	0.913815	4
0.998388	0.000624	0.000780	0.000209	1
0.000477	0.989146	0.000715	0.009662	2
0.999409	0.000155	0.000098	0.000337	1
0.000006	0.000621	0.999345	0.000027	3
0.000956	0.002053	0.992141	0.004850	3
0.765715	0.000227	0.232881	0.001176	1
0.000443	0.983132	0.001154	0.015271	2
0.000305	0.000207	0.999174	0.000314	3
0.010410	0.021235	0.157092	0.811263	4
0.000844	0.000084	0.998288	0.000784	3
0.000038	0.999030	0.000164	0.000768	2
0.364022	0.031535	0.482061	0.122382	3
0.118111	0.002464	0.877648	0.001776	3
0.993076	0.000054	0.006791	0.000079	1
0.996343	0.000340	0.002867	0.000450	1
0.999806	0.000014	0.000069	0.000112	1
0.000965	0.291085	0.000477	0.707473	4
0.000012	0.000033	0.999827	0.000128	3
0.994851	0.000752	0.001327	0.003070	1
0.000193	0.003422	0.993134	0.003251	3
0.963275	0.001286	0.005207	0.030231	1
0.000012	0.001168	0.998706	0.000114	3
0.000004	0.001126	0.998587	0.000282	3
0.029993	0.754541	0.002645	0.212822	2
0.313430	0.011296	0.671720	0.003555	3
0.999383	0.000031	0.000053	0.000533	1
0.000053	0.977913	0.000373	0.021660	2
0.998110	0.000083	0.000291	0.001516	1
0.000101	0.894195	0.000129	0.105574	2
0.998468	0.000008	0.001488	0.000035	1
0.000102	0.984495	0.000048	0.015355	2
0.030946	0.411701	0.005265	0.552088	4
0.000000	0.000174	0.999820	0.000006	3
0.002126	0.889160	0.002353	0.106360	2
0.000483	0.000221	0.996029	0.003267	3
0.000147	0.000571	0.999081	0.000201	3
0.005175	0.950486	0.015801	0.028538	2
0.955197	0.014304	0.028826	0.001673	1
0.995785	0.000603	0.001219	0.002393	1
0.000693	0.990483	0.002133	0.006691	2
0.000014	0.000005	0.999883	0.000098	3
0.000042	0.000083	0.998988	0.000887	3
0.000303	0.999347	0.000017	0.000332	2
0.980125	0.001502	0.013781	0.004592	1
0.992795	0.000040	0.006837	0.000328	1
0.000017	0.000163	0.999765	0.000055	3
0.996181	0.000527	0.000578	0.002714	1
0.000045	0.000005	0.999916	0.000034	3
0.000066	0.032757	0.000017	0.967160	4
0.999944	0.000045	0.000003	0.000008	1
0.998493	0.000328	0.000191	0.000989	1
0.023090	0.000040	0.976565	0.000305	3
0.002733	0.204631	0.123423	0.669213	4
0.996190	0.000000	0.003799	0.000010	1
0.997381	0.000081	0.001905	0.000633	1
0.992959	0.000053	0.006810	0.000179	1
0.000035	0.000004	0.999956	0.000005	3
0.000499	0.012227	0.975640	0.011633	3
0.999897	0.000001	0.000076	0.000025	1
0.901714	0.005957	0.061084	0.031244	1
0.000098	0.285801	0.000078	0.714023	4
0.003970	0.927962	0.003025	0.065042	2
0.000004	0.000125	0.999839	0.000033	3
0.996977	0.000367	0.001055	0.001601	1
0.013670	0.730012	0.000829	0.255489	2
0.018232	0.042637	0.000084	0.939047	4
0.996047	0.002524	0.000168	0.001261	1
0.000804	0.897512	0.000657	0.101027	2
0.000953	0.682583	0.057754	0.258710	2
0.995974	0.000047	0.003702	0.000277	1
0.982314	0.013489	0.001373	0.002823	1
0.989795	0.000568	0.008576	0.001061	1
0.999103	0.000034	0.000164	0.000699	1
0.999941	0.000001	0.000053	0.000005	1
0.000000	0.000001	0.999990	0.000009	3
0.998125	0.000040	0.001185	0.000650	1
0.000103	0.000021	0.999697	0.000178	3
0.002616	0.035990	0.006405	0.954989	4
0.004907	0.028478	0.937966	0.028649	3
0.000001	0.000013	0.999978	0.000009	3
0.999987	0.000000	0.000010	0.000002	1
0.999647	0.000001	0.000326	0.000026	1
0.031323	0.762318	0.006682	0.199677	2
0.004803	0.257491	0.000764	0.736942	4
0.000925	0.375987	0.000567	0.622521	4
0.000070	0.000027	0.999821	0.000082	3
0.995731	0.000023	0.000429	0.003816	1
0.003934	0.885799	0.008546	0.101721	2
0.000003	0.000619	0.999341	0.000036	3
0.000359	0.975223	0.000076	0.024342	2
0.999613	0.000003	0.000314	0.000070	1
0.001148	0.687609	0.001430	0.309813	2
0.006367	0.000925	0.987389	0.005320	3
0.000212	0.000025	0.999716	0.000046	3
0.999076	0.000028	0.000418	0.000478	1
0.997812	0.000083	0.000954	0.001150	1
0.168519	0.076255	0.021118	0.734109	4
0.313331	0.000176	0.685844	0.000649	3
0.000907	0.719699	0.000992	0.278401	2
0.475635	0.000185	0.523962	0.000218	3
0.992446	0.001272	0.000330	0.005951	1
0.999984	0.000001	0.000006	0.000009	1
0.005782	0.702744	0.000496	0.290978	2
0.001438	0.047886	0.000204	0.950472	4
0.000038	0.783464	0.000169	0.216329	2
0.048584	0.287363	0.156502	0.507552	4
0.024622	0.001079	0.967589	0.006709	3
0.148374	0.180059	0.003432	0.668134	4
0.990130	0.004305	0.001246	0.004319	1
0.159950	0.462970	0.209867	0.167213	2
0.962477	0.000809	0.027407	0.009307	1
0.000079	0.432860	0.000236	0.566826	4
0.000036	0.994329	0.000090	0.005545	2
0.000039	0.988033	0.000088	0.011839	2
0.027086	0.029318	0.029519	0.914077	4
0.958268	0.000292	0.040201	0.001239	1
0.000181	0.000029	0.999683	0.000108	3
0.997298	0.000075	0.001324	0.001303	1
0.000462	0.980451	0.000089	0.018997	2
0.000022	0.000075	0.999756	0.000147	3
0.000054	0.000098	0.999758	0.000090	3
0.997857	0.000008	0.002052	0.000083	1
0.000016	0.000002	0.999981	0.000001	3
0.000100	0.000700	0.998617	0.000583	3
0.000025	0.000048	0.999852	0.000075	3
0.999657	0.000107	0.000090	0.000146	1
0.003639	0.006943	0.055141	0.934277	4
0.000004	0.000005	0.999912	0.000079	3
0.999417	0.000002	0.000567	0.000014	1
0.999220	0.000471	0.000136	0.000173	1
0.784032	0.000826	0.213982	0.001160	1
0.999974	0.000000	0.000024	0.000001	1
0.988095	0.003154	0.000880	0.007872	1
0.973762	0.003094	0.008003	0.015141	1
0.000178	0.000852	0.998690	0.000280	3
0.037190	0.000685	0.931432	0.030693	3
0.981889	0.000303	0.017324	0.000484	1
0.843032	0.038734	0.005338	0.112896	1
0.934086	0.000311	0.064160	0.001443	1
0.994433	0.000369	0.004424	0.000774	1
0.000003	0.000027	0.999832	0.000138	3
0.999256	0.000181	0.000154	0.000409	1
0.999949	0.000005	0.000039	0.000007	1
0.089016	0.451060	0.157327	0.302597	2
0.978272	0.000109	0.019564	0.002055	1
0.000001	0.000117	0.999817	0.000065	3
0.022105	0.848771	0.003121	0.126003	2
0.012753	0.911870	0.000948	0.074428	2
0.003474	0.233085	0.001909	0.761532	4
0.203895	0.533228	0.001106	0.261771	2
0.010927	0.880280	0.002034	0.106758	2
0.000615	0.346133	0.639210	0.014043	3
0.051753	0.028148	0.894213	0.025885	3
0.195929	0.073042	0.028808	0.702221	4
0.023193	0.525443	0.001045	0.450319	2
0.668568	0.000340	0.317601	0.013491	1
0.995055	0.000411	0.000263	0.004271	1
0.000156	0.220451	0.003204	0.776189	4
0.999413	0.000003	0.000510	0.000074	1
0.000661	0.693882	0.270822	0.034635	2
0.003881	0.042511	0.858033	0.095574	3
0.000025	0.976852	0.000015	0.023108	2
0.999620	0.000012	0.000043	0.000325	1
0.992235	0.000962	0.002766	0.004037	1
0.995487	0.000002	0.004484	0.000028	1
0.021834	0.955448	0.008210	0.014509	2
0.008442	0.014063	0.025071	0.952425	4
0.880394	0.023795	0.000622	0.095190	1
0.000004	0.000029	0.999897	0.000070	3
0.007083	0.000028	0.992604	0.000285	3
0.000128	0.000030	0.999607	0.000235	3
0.001833	0.984059	0.002155	0.011953	2
0.000250	0.004120	0.993178	0.002451	3
0.996173	0.000094	0.002158	0.001575	1
0.004531	0.093645	0.020872	0.880951	4
0.999988	0.000001	0.000008	0.000004	1
0.000203	0.971406	0.002142	0.026249	2
0.002655	0.169699	0.004424	0.823222	4
0.000054	0.000012	0.999915	0.000019	3
0.002665	0.002157	0.994728	0.000450	3
0.994477	0.000401	0.004224	0.000898	1
0.987149	0.000009	0.012768	0.000074	1
0.999758	0.000001	0.000236	0.000006	1
0.999565	0.000004	0.000396	0.000035	1
0.002611	0.413049	0.007690	0.576649	4
0.998874	0.000000	0.001084	0.000042	1
0.000004	0.000080	0.999869	0.000047	3
0.000142	0.410392	0.001862	0.587604	4
0.999198	0.000012	0.000671	0.000118	1
0.997903	0.000252	0.000129	0.001716	1
0.046048	0.903416	0.003065	0.047471	2
0.003531	0.002174	0.967793	0.026502	3
0.794349	0.087145	0.019045	0.099462	1
0.003585	0.000450	0.995223	0.000742	3
0.861466	0.002511	0.001238	0.134785	1
0.364690	0.001789	0.631067	0.002455	3
0.999995	0.000000	0.000004	0.000001	1
0.999771	0.000001	0.000224	0.000004	1
0.000159	0.000124	0.998814	0.000903	3
0.999601	0.000020	0.000231	0.000147	1
0.000022	0.000004	0.999965	0.000009	3
0.013228	0.944921	0.000504	0.041347	2
0.999839	0.000002	0.000126	0.000034	1
0.997054	0.000006	0.002820	0.000120	1
0.996475	0.000521	0.002802	0.000202	1
0.998394	0.000223	0.000736	0.000647	1
0.004375	0.132667	0.008393	0.854565	4
0.000966	0.981359	0.000112	0.017563	2
0.422961	0.000242	0.565917	0.010880	3
0.999100	0.000019	0.000649	0.000232	1
0.999600	0.000122	0.000090	0.000188	1
0.493792	0.014851	0.451093	0.040263	1
0.000002	0.000002	0.999980	0.000016	3
0.999309	0.000036	0.000367	0.000289	1
0.000712	0.000813	0.997941	0.000534	3
0.922420	0.015558	0.042998	0.019024	1
0.001513	0.000224	0.997705	0.000558	3
0.999687	0.000000	0.000305	0.000007	1
0.000097	0.445167	0.553068	0.001668	3
0.003603	0.001177	0.993694	0.001526	3
0.278843	0.000017	0.720906	0.000234	3
0.012937	0.767007	0.026511	0.193544	2
0.999970	0.000001	0.000024	0.000006	1
0.984799	0.000021	0.013765	0.001415	1
0.009540	0.945766	0.002970	0.041724	2
0.000219	0.984760	0.000002	0.015019	2
0.015305	0.713855	0.011695	0.259144	2
0.999971	0.000000	0.000010	0.000019	1
0.001697	0.000396	0.995872	0.002035	3
0.000304	0.641433	0.007724	0.350540	2
0.081260	0.197597	0.181044	0.540100	4
0.004772	0.969643	0.000784	0.024802	2
0.341308	0.158941	0.370597	0.129155	3
0.000007	0.000052	0.999885	0.000056	3
0.989952	0.000631	0.000303	0.009114	1
0.998168	0.000001	0.001827	0.000004	1
0.973056	0.014267	0.001919	0.010758	1
0.050596	0.636674	0.026560	0.286170	2
0.978922	0.000009	0.021005	0.000064	1
0.991620	0.002063	0.003398	0.002919	1
0.998901	0.000013	0.001070	0.000016	1
0.000141	0.929947	0.000197	0.069716	2
0.999536	0.000137	0.000085	0.000242	1
0.994795	0.000489	0.003551	0.001166	1
0.000321	0.901986	0.002393	0.095300	2
0.947876	0.000035	0.052033	0.000056	1
0.000002	0.000000	0.999996	0.000002	3
0.000021	0.000497	0.999232	0.000250	3
0.002504	0.000217	0.996718	0.000561	3
0.012270	0.147597	0.826821	0.013312	3
0.000006	0.000014	0.999925	0.000055	3
0.999848	0.000025	0.000027	0.000101	1
0.999990	0.000000	0.000006	0.000004	1
0.010602	0.949913	0.012792	0.026693	2
0.002451	0.960002	0.001033	0.036514	2
0.266326	0.008702	0.716142	0.008830	3
0.000020	0.948950	0.000092	0.050938	2
0.976321	0.000270	0.023153	0.000256	1
0.020394	0.746870	0.001953	0.230782	2
0.978058	0.000281	0.021468	0.000193	1
0.000552	0.000252	0.999034	0.000162	3
0.983561	0.000932	0.007639	0.007868	1
0.091895	0.045920	0.789159	0.073026	3
0.999126	0.000226	0.000158	0.000490	1
0.004633	0.010459	0.974981	0.009927	3
0.246857	0.000014	0.752255	0.000874	3
0.994297	0.000215	0.001626	0.003861	1
0.000036	0.723000	0.035739	0.241225	2
0.999009	0.000567	0.000147	0.000277	1
0.001831	0.986708	0.000370	0.011091	2
0.223746	0.000465	0.774960	0.000829	3
0.002682	0.964181	0.000030	0.033108	2
0.000155	0.000037	0.999713	0.000096	3
0.999990	0.000000	0.000008	0.000002	1
0.000080	0.613167	0.148869	0.237884	2
0.000239	0.032899	0.001238	0.965624	4
0.000989	0.000359	0.997878	0.000774	3
0.999935	0.000001	0.000041	0.000024	1
0.019358	0.001123	0.978506	0.001013	3
0.967871	0.000882	0.022291	0.008957	1
0.000657	0.112294	0.000371	0.886677	4
0.088164	0.001673	0.905076	0.005086	3
0.001288	0.997278	0.000036	0.001398	2
0.077216	0.897059	0.000570	0.025155	2
0.031797	0.609030	0.002548	0.356626	2
0.998688	0.000124	0.001040	0.000148	1
0.985715	0.000126	0.013997	0.000162	1
0.000013	0.000104	0.999850	0.000033	3
0.000000	0.000001	0.999996	0.000002	3
0.918216	0.013851	0.022425	0.045508	1
0.000140	0.000032	0.999615	0.000213	3
0.000023	0.987881	0.000037	0.012059	2
0.999882	0.000007	0.000036	0.000076	1
0.002751	0.005994	0.984457	0.006797	3
0.173494	0.163880	0.080097	0.582529	4
0.000065	0.000010	0.999915	0.000010	3
0.999807	0.000003	0.000171	0.000019	1
0.999639	0.000035	0.000270	0.000056	1
0.802316	0.000395	0.190759	0.006530	1
0.000185	0.024075	0.103266	0.872474	4
0.999880	0.000012	0.000051	0.000057	1
0.935773	0.003199	0.059063	0.001966	1
0.000120	0.047817	0.000012	0.952050	4
0.004947	0.671642	0.074504	0.248907	2
0.027961	0.126780	0.001549	0.843709	4
0.000254	0.559861	0.000350	0.439535	2
0.996017	0.000094	0.003866	0.000024	1
0.933905	0.001699	0.060215	0.004182	1
0.947307	0.024302	0.000295	0.028096	1
0.000022	0.000015	0.999930	0.000033	3
0.000267	0.918370	0.054401	0.026962	2
0.000119	0.120703	0.008085	0.871093	4
0.999932	0.000004	0.000053	0.000010	1
0.997994	0.000007	0.001965	0.000034	1
0.995696	0.000438	0.001826	0.002039	1
0.000135	0.998357	0.000032	0.001476	2
0.000206	0.000597	0.997434	0.001762	3
0.996234	0.000399	0.002972	0.000396	1
0.999819	0.000013	0.000106	0.000063	1
0.014829	0.074956	0.033667	0.876548	4
0.993344	0.000029	0.005850	0.000777	1
0.998956	0.000029	0.000741	0.000274	1
0.001303	0.002822	0.993208	0.002666	3
0.000158	0.963840	0.002085	0.033917	2
0.000000	0.000002	0.999995	0.000003	3
0.967824	0.001460	0.028571	0.002145	1
0.809252	0.145029	0.026457	0.019262	1
0.793810	0.070804	0.001567	0.133818	1
0.016082	0.270773	0.001000	0.712145	4
0.003925	0.968380	0.020186	0.007509	2
0.994774	0.003501	0.000112	0.001613	1
0.001834	0.008002	0.001135	0.989030	4
0.000021	0.000543	0.998590	0.000847	3
0.357245	0.000349	0.625388	0.017018	3
0.827637	0.013289	0.055995	0.103079	1
0.000005	0.000001	0.999978	0.000015	3
0.001920	0.002857	0.974225	0.020999	3
0.001219	0.415039	0.375027	0.208714	2
0.000097	0.752787	0.003818	0.243299	2
0.952583	0.003902	0.025583	0.017932	1
0.992667	0.000015	0.007291	0.000027	1
0.000008	0.000545	0.996374	0.003073	3
0.000083	0.747612	0.005893	0.246412	2
0.000019	0.000097	0.999624	0.000260	3
0.000303	0.152903	0.007918	0.838876	4
0.000025	0.982737	0.000138	0.017100	2
0.000036	0.458800	0.000628	0.540536	4
0.001583	0.721115	0.142310	0.134992	2
0.997061	0.000189	0.001221	0.001529	1
0.000100	0.000182	0.999603	0.000114	3
0.000289	0.971712	0.000102	0.027897	2
0.994387	0.000173	0.003663	0.001777	1
0.003132	0.880154	0.005585	0.111129	2
0.005090	0.980034	0.001165	0.013712	2
0.994072	0.000388	0.005015	0.000525	1
0.000109	0.000036	0.999814	0.000041	3
0.000292	0.994389	0.000060	0.005259	2
0.079791	0.001374	0.901570	0.017265	3
0.033128	0.000013	0.966665	0.000193	3
0.000013	0.985509	0.000033	0.014446	2
0.002071	0.989924	0.000188	0.007817	2
0.000033	0.004810	0.000202	0.994955	4
0.000211	0.175914	0.001303	0.822572	4
0.996008	0.000110	0.001266	0.002616	1
0.000426	0.962023	0.000466	0.037085	2
0.000084	0.983206	0.000065	0.016645	2
0.039663	0.000101	0.959767	0.000469	3
0.001095	0.000020	0.998511	0.000373	3
0.000015	0.996247	0.000273	0.003465	2
0.000025	0.941702	0.000022	0.058252	2
0.000006	0.000030	0.999894	0.000071	3
0.010422	0.053235	0.895992	0.040351	3
0.000004	0.000079	0.999840	0.000077	3
0.000055	0.981261	0.009904	0.008779	2
0.001212	0.441520	0.000649	0.556619	4
0.454221	0.215974	0.135913	0.193892	1
0.999739	0.000019	0.000223	0.000018	1
0.999522	0.000000	0.000446	0.000031	1
0.000020	0.000066	0.999670	0.000244	3
0.001710	0.045891	0.003530	0.948868	4
0.549895	0.427882	0.000284	0.021940	1
0.000270	0.996603	0.000065	0.003061	2
0.000042	0.000003	0.999931	0.000024	3
0.000037	0.000058	0.999857	0.000048	3
0.116289	0.029421	0.642643	0.211648	3
0.001506	0.205237	0.000674	0.792583	4
0.129435	0.000013	0.870501	0.000051	3
0.999712	0.000003	0.000057	0.000228	1
0.000801	0.000063	0.999117	0.000019	3
0.000003	0.000042	0.999916	0.000039	3
0.667409	0.253694	0.009709	0.069188	1
0.001683	0.000028	0.998099	0.000190	3
0.000054	0.996807	0.000515	0.002624	2
0.999601	0.000002	0.000368	0.000029	1
0.012074	0.000002	0.987903	0.000020	3
0.977619	0.000015	0.022077	0.000289	1
0.999608	0.000012	0.000329	0.000051	1
0.981628	0.003913	0.004527	0.009932	1
0.992819	0.001667	0.001370	0.004145	1
0.999621	0.000018	0.000130	0.000232	1
0.000590	0.821542	0.062130	0.115738	2
0.997455	0.000054	0.001540	0.000951	1
0.996487	0.000046	0.002735	0.000732	1
0.993041	0.000014	0.006484	0.000461	1
0.000000	0.000000	0.999999	0.000001	3
0.000005	0.998048	0.000001	0.001946	2
0.912916	0.000010	0.087000	0.000075	1
0.000387	0.987027	0.000042	0.012543	2
0.001939	0.575999	0.409569	0.012493	2
0.070051	0.492919	0.001689	0.435341	2
0.975376	0.001124	0.021048	0.002452	1
0.000581	0.971377	0.000170	0.027872	2
0.000091	0.864412	0.001225	0.134272	2
0.000003	0.000020	0.999973	0.000003	3
0.251281	0.000140	0.738531	0.010047	3
0.000545	0.701206	0.000509	0.297739	2
0.998981	0.000076	0.000861	0.000082	1
0.000001	0.000013	0.999968	0.000018	3
0.000066	0.880854	0.096040	0.023040	2
0.990438	0.000123	0.007226	0.002213	1
0.000012	0.960637	0.000061	0.039291	2
0.059219	0.908503	0.005928	0.026350	2
0.042903	0.001916	0.936847	0.018333	3
0.321650	0.002582	0.673480	0.002288	3
0.998689	0.000048	0.000206	0.001057	1
0.013658	0.960759	0.001848	0.023735	2
0.983593	0.003864	0.005401	0.007142	1
0.999173	0.000037	0.000207	0.000582	1
0.001432	0.663830	0.015463	0.319275	2
0.001010	0.989919	0.003988	0.005083	2
0.000667	0.929178	0.000063	0.070092	2
0.989755	0.001189	0.003919	0.005137	1
0.348345	0.002685	0.634806	0.014164	3
0.994268	0.000164	0.000939	0.004628	1
0.000004	0.000004	0.999991	0.000001	3
0.999480	0.000113	0.000298	0.000108	1
0.000352	0.863940	0.018156	0.117552	2
0.999151	0.000010	0.000723	0.000116	1
0.000024	0.000006	0.999949	0.000022	3
0.856255	0.000444	0.142271	0.001030	1
0.998138	0.000007	0.001583	0.000273	1
0.003157	0.733923	0.000504	0.262416	2
0.000480	0.985824	0.000164	0.013532	2
0.000684	0.985979	0.001164	0.012173	2
0.068701	0.397122	0.064129	0.470047	4
0.987658	0.002106	0.001618	0.008619	1
0.000033	0.000029	0.999808	0.000130	3
0.005469	0.749317	0.006223	0.238991	2
0.968304	0.000343	0.027895	0.003458	1
0.000242	0.039137	0.808491	0.152129	3
0.000005	0.000002	0.999986	0.000007	3
0.000013	0.982697	0.000036	0.017254	2
0.164804	0.001012	0.795376	0.038807	3
0.981870	0.000066	0.015678	0.002385	1
0.003155	0.000244	0.995893	0.000708	3
0.000607	0.708367	0.000852	0.290175	2
0.997297	0.000003	0.002690	0.000010	1
0.012032	0.000742	0.985970	0.001257	3
0.000235	0.828597	0.000557	0.170610	2
0.014387	0.949396	0.002201	0.034016	2
0.000090	0.001435	0.997806	0.000670	3
0.811604	0.006819	0.178426	0.003151	1
0.004346	0.684004	0.001830	0.309820	2
0.000327	0.000406	0.998145	0.001122	3
0.238156	0.094204	0.001024	0.666617	4
0.008120	0.987478	0.000025	0.004377	2
0.023507	0.045675	0.005591	0.925226	4
0.080588	0.000052	0.918954	0.000406	3
0.004147	0.001197	0.992685	0.001971	3
0.000004	0.000131	0.999823	0.000042	3
0.009048	0.966111	0.000079	0.024761	2
0.008616	0.000516	0.989279	0.001589	3
0.000713	0.091490	0.005157	0.902639	4
0.001457	0.950718	0.000821	0.047004	2
0.980463	0.001640	0.015902	0.001994	1
0.000944	0.000066	0.996931	0.002059	3
0.001226	0.987195	0.000258	0.011321	2
0.038931	0.015455	0.169856	0.775758	4
0.999791	0.000014	0.000134	0.000062	1
0.000225	0.192703	0.000916	0.806156	4
0.291195	0.158411	0.045609	0.504784	4
0.001167	0.081877	0.141352	0.775604	4
0.000358	0.000034	0.999326	0.000282	3
0.000004	0.996894	0.000020	0.003082	2
0.972776	0.002291	0.009645	0.015288	1
0.999348	0.000013	0.000612	0.000028	1
0.000009	0.973545	0.000342	0.026104	2
0.000265	0.000402	0.997945	0.001389	3
0.000015	0.000526	0.996722	0.002738	3
0.994321	0.000076	0.004761	0.000841	1
0.020404	0.549400	0.007434	0.422763	2
0.998661	0.000009	0.000744	0.000586	1
0.002832	0.955752	0.002967	0.038449	2
0.000001	0.000069	0.999876	0.000055	3
0.000005	0.000047	0.999935	0.000014	3
0.999832	0.000001	0.000153	0.000013	1
0.993321	0.000088	0.005765	0.000826	1
0.001309	0.000106	0.998497	0.000088	3
0.002299	0.027209	0.766641	0.203851	3
0.000633	0.073480	0.906386	0.019501	3
0.000022	0.000126	0.999649	0.000203	3
0.000330	0.953476	0.037359	0.008834	2
0.000004	0.001633	0.997515	0.000847	3
0.998743	0.000041	0.000780	0.000436	1
0.025773	0.068100	0.000144	0.905983	4
0.988886	0.000001	0.011092	0.000021	1
0.015856	0.001464	0.979357	0.003323	3
0.938671	0.000021	0.059378	0.001930	1
0.003794	0.538052	0.024652	0.433503	2
0.000503	0.951692	0.000425	0.047380	2
0.992859	0.000134	0.004760	0.002247	1
0.000038	0.000120	0.996427	0.003415	3
0.000011	0.999068	0.000160	0.000761	2
0.048894	0.115390	0.002019	0.833698	4
0.001179	0.000761	0.993150	0.004909	3
0.752536	0.000227	0.247143	0.000094	1
0.999264	0.000062	0.000140	0.000533	1
0.999814	0.000003	0.000170	0.000013	1
0.353099	0.000581	0.643753	0.002567	3
0.995253	0.000101	0.002798	0.001848	1
0.006724	0.922150	0.004245	0.066880	2
0.000002	0.000001	0.999993	0.000004	3
0.986531	0.000012	0.012957	0.000500	1
0.000001	0.000217	0.999761	0.000021	3
0.000022	0.003274	0.000009	0.996696	4
0.000169	0.005957	0.991362	0.002513	3
0.999570	0.000020	0.000165	0.000245	1
0.397680	0.029619	0.363498	0.209203	1
0.003931	0.934909	0.000180	0.060980	2
0.000703	0.864675	0.005402	0.129220	2
0.999941	0.000001	0.000016	0.000042	1
0.000569	0.267781	0.000306	0.731345	4
0.000015	0.989617	0.000257	0.010111	2
0.000204	0.887225	0.000540	0.112031	2
0.008678	0.014349	0.970311	0.006662	3
0.028676	0.000136	0.963245	0.007942	3
0.000107	0.000028	0.997051	0.002814	3
0.001358	0.578286	0.000660	0.419696	2
0.000001	0.000004	0.999994	0.000001	3
0.000139	0.107026	0.000015	0.892820	4
0.000153	0.000122	0.999448	0.000277	3
0.000646	0.000059	0.999128	0.000167	3
0.999168	0.000024	0.000728	0.000080	1
0.009071	0.537930	0.027357	0.425641	2
0.996828	0.000388	0.000072	0.002712	1
0.998918	0.000315	0.000153	0.000614	1
0.000052	0.003594	0.995543	0.000811	3
0.000948	0.000834	0.993284	0.004934	3
0.998007	0.000366	0.000442	0.001185	1
0.000048	0.988757	0.004478	0.006717	2
0.999920	0.000020	0.000024	0.000036	1
0.012619	0.305749	0.003722	0.677911	4
0.000792	0.977821	0.000069	0.021318	2
0.769615	0.001107	0.228291	0.000987	1
0.000653	0.000117	0.999155	0.000074	3
0.986232	0.000086	0.013533	0.000149	1
0.984461	0.002868	0.000412	0.012258	1
0.000173	0.525764	0.462701	0.011362	2
0.000939	0.132141	0.009389	0.857531	4
0.002025	0.000065	0.997682	0.000229	3
0.001369	0.966839	0.000204	0.031588	2
0.000381	0.979851	0.011891	0.007876	2
0.010894	0.905247	0.020049	0.063809	2
0.924415	0.009269	0.000114	0.066202	1
0.003571	0.149073	0.178343	0.669013	4
0.978170	0.000082	0.021674	0.000074	1
0.995982	0.000140	0.000670	0.003208	1
0.000888	0.000703	0.996225	0.002184	3
0.000053	0.998434	0.000375	0.001138	2
0.965869	0.000994	0.031677	0.001460	1
0.749715	0.001078	0.244576	0.004631	1
0.000002	0.000001	0.999995	0.000003	3
0.999954	0.000000	0.000044	0.000001	1
0.053098	0.077523	0.724693	0.144686	3
0.383822	0.000135	0.615590	0.000454	3
0.000023	0.001439	0.000239	0.998298	4
0.000322	0.043874	0.000228	0.955576	4
0.000551	0.012698	0.000044	0.986707	4
0.010938	0.945625	0.028020	0.015418	2
0.998521	0.000088	0.001069	0.000322	1
0.928752	0.000462	0.066522	0.004265	1
0.999879	0.000003	0.000015	0.000103	1
0.987653	0.005470	0.002373	0.004504	1
0.999028	0.000025	0.000770	0.000178	1
0.999879	0.000019	0.000030	0.000073	1
0.999525	0.000003	0.000463	0.000009	1
0.001515	0.136292	0.000148	0.862045	4
0.001456	0.099232	0.002703	0.896609	4
0.000062	0.922848	0.000016	0.077073	2
0.000053	0.000167	0.999496	0.000285	3
0.001692	0.966943	0.002847	0.028519	2
0.000192	0.002007	0.988928	0.008873	3
0.022889	0.573184	0.179602	0.224325	2
0.003546	0.000477	0.994584	0.001394	3
0.000095	0.076381	0.000993	0.922531	4
0.000027	0.978784	0.000014	0.021175	2
0.000059	0.992261	0.000905	0.006775	2
0.999467	0.000001	0.000453	0.000079	1
0.000054	0.000023	0.999913	0.000010	3
0.091818	0.341697	0.008042	0.558443	4
0.003043	0.000051	0.996716	0.000189	3
0.004068	0.017648	0.004705	0.973579	4
0.999013	0.000018	0.000629	0.000339	1
0.060131	0.000827	0.937460	0.001583	3
0.999862	0.000026	0.000079	0.000033	1
0.000008	0.998241	0.000108	0.001643	2
0.171941	0.000094	0.823093	0.004871	3
0.000016	0.000033	0.999126	0.000824	3
0.992895	0.000310	0.003034	0.003761	1
0.986923	0.000622	0.000752	0.011703	1
0.996060	0.000088	0.002682	0.001170	1
0.996089	0.000024	0.003386	0.000501	1
0.000001	0.000184	0.999734	0.000081	3
0.982858	0.000470	0.015741	0.000931	1
0.001640	0.019943	0.006637	0.971781	4
0.994620	0.000820	0.002711	0.001849	1
0.000255	0.983801	0.000063	0.015881	2
0.935551	0.001269	0.057537	0.005644	1
0.000001	0.000040	0.999955	0.000004	3
0.000181	0.046287	0.003545	0.949987	4
0.000010	0.820364	0.000074	0.179552	2
0.000108	0.044675	0.000027	0.955190	4
0.002616	0.909044	0.000099	0.088241	2
0.191525	0.001205	0.794948	0.012322	3
0.999825	0.000024	0.000119	0.000032	1
0.000002	0.000173	0.999817	0.000007	3
0.000039	0.001090	0.998654	0.000216	3
0.000017	0.000314	0.999191	0.000477	3
0.000109	0.944489	0.001526	0.053876	2
0.998700	0.000018	0.001173	0.000109	1
0.000034	0.000000	0.999939	0.000026	3
0.001652	0.593599	0.003627	0.401122	2
0.485641	0.002298	0.466931	0.045130	1
0.000003	0.996657	0.000001	0.003339	2
0.008174	0.000028	0.991646	0.000152	3
0.795794	0.000294	0.185829	0.018083	1
0.986825	0.000023	0.012882	0.000270	1
0.058916	0.336149	0.011795	0.593139	4
0.999918	0.000001	0.000056	0.000024	1
0.004735	0.000030	0.995108	0.000127	3
0.000426	0.003661	0.993818	0.002095	3
0.000291	0.008405	0.017687	0.973617	4
0.015450	0.006268	0.964037	0.014245	3
0.000009	0.000018	0.999943	0.000030	3
0.000007	0.000103	0.999823	0.000066	3
0.964252	0.000748	0.029123	0.005877	1
0.000048	0.991901	0.000012	0.008039	2
0.000194	0.925457	0.000326	0.074023	2
0.000120	0.013734	0.000201	0.985945	4
0.998111	0.000378	0.000836	0.000675	1
0.996540	0.000394	0.002674	0.000392	1
0.315220	0.601400	0.007273	0.076108	2
0.979706	0.000059	0.019837	0.000398	1
0.003044	0.082751	0.040118	0.874087	4
0.000644	0.021439	0.974190	0.003727	3
0.980185	0.002266	0.004682	0.012866	1
0.010882	0.826627	0.001897	0.160594	2
0.002671	0.005589	0.986797	0.004943	3
0.999571	0.000148	0.000083	0.000198	1
0.999403	0.000140	0.000144	0.000312	1
0.003666	0.012405	0.816583	0.167346	3
0.000020	0.055324	0.000446	0.944210	4
0.081745	0.026796	0.015631	0.875829	4
0.999824	0.000039	0.000092	0.000045	1
0.000014	0.030349	0.969195	0.000442	3
0.012288	0.977742	0.008017	0.001953	2
0.002874	0.450579	0.003572	0.542974	4
0.000818	0.284870	0.010680	0.703631	4
0.000644	0.904374	0.000318	0.094664	2
0.973341	0.003941	0.000520	0.022197	1
0.995990	0.000141	0.000353	0.003517	1
0.000002	0.000194	0.999590	0.000214	3
0.000050	0.000088	0.999656	0.000207	3
0.003188	0.007244	0.946257	0.043311	3
0.000298	0.565479	0.004739	0.429484	2
0.000001	0.000023	0.999960	0.000017	3
0.999321	0.000019	0.000566	0.000094	1
0.027693	0.046188	0.842602	0.083517	3
0.000434	0.748570	0.000057	0.250940	2
0.000730	0.989622	0.000437	0.009211	2
0.033557	0.002461	0.961707	0.002275	3
0.000635	0.096170	0.001421	0.901775	4
0.019170	0.975231	0.000130	0.005469	2
0.999811	0.000002	0.000166	0.000021	1
0.000019	0.000009	0.999964	0.000008	3
0.724101	0.000045	0.275419	0.000434	1
0.001558	0.000139	0.997432	0.000870	3
0.000001	0.000009	0.999986	0.000004	3
0.939709	0.000632	0.052334	0.007325	1
0.000567	0.940608	0.000381	0.058444	2
0.128232	0.000867	0.864690	0.006211	3
0.000132	0.000121	0.998950	0.000797	3
0.932143	0.001331	0.065311	0.001215	1
0.000378	0.950499	0.000207	0.048916	2
0.954654	0.000037	0.045230	0.000079	1
0.991377	0.000076	0.008048	0.000498	1
0.999342	0.000027	0.000589	0.000043	1
0.999534	0.000039	0.000379	0.000048	1
0.000007	0.973906	0.000023	0.026064	2
0.028362	0.254926	0.021941	0.694771	4
0.052585	0.000484	0.946460	0.000471	3
0.000082	0.972580	0.003372	0.023965	2
0.998407	0.000003	0.001218	0.000373	1
0.001533	0.174774	0.033442	0.790251	4
0.000043	0.000962	0.998921	0.000074	3
0.014810	0.074740	0.001267	0.909184	4
0.053570	0.006186	0.808456	0.131788	3
0.990636	0.001159	0.007072	0.001133	1
0.845341	0.095566	0.000283	0.058811	1
0.603012	0.008350	0.205261	0.183376	1
0.000165	0.982552	0.000303	0.016980	2
0.000002	0.968721	0.000008	0.031269	2
0.004594	0.000002	0.995323	0.000080	3
0.997787	0.000423	0.000447	0.001343	1
0.000005	0.000990	0.998749	0.000256	3
0.000042	0.000057	0.999848	0.000052	3
0.000040	0.000122	0.999451	0.000388	3
