0.000347	0.799974	0.005700	0.193979	2
0.000003	0.000143	0.999645	0.000209	3
0.000238	0.000093	0.998746	0.000923	3
0.907042	0.000009	0.092755	0.000195	1
0.294538	0.000235	0.703532	0.001695	3
0.000548	0.676318	0.100002	0.223132	2
0.000258	0.001043	0.997076	0.001622	3
0.002127	0.089195	0.011201	0.897477	4
0.000289	0.000217	0.999210	0.000284	3
0.007635	0.885078	0.002762	0.104525	2
0.875153	0.000092	0.124129	0.000626	1
0.079471	0.639203	0.021742	0.259584	2
0.999420	0.000099	0.000221	0.000260	1
0.991483	0.000075	0.007666	0.000777	1
0.184350	0.553698	0.196185	0.065768	2
0.000019	0.000120	0.999763	0.000098	3
0.006013	0.029305	0.194918	0.769765	4
0.013647	0.072755	0.033947	0.879651	4
0.000205	0.000118	0.999287	0.000391	3
0.939415	0.000050	0.059730	0.000805	1
0.934701	0.026797	0.013868	0.024634	1
0.941163	0.000286	0.058395	0.000156	1
0.000339	0.992007	0.000962	0.006692	2
0.000226	0.001905	0.996598	0.001270	3
0.991053	0.000044	0.008523	0.000380	1
0.000026	0.000532	0.998584	0.000858	3
0.000206	0.953598	0.006685	0.039512	2
0.937764	0.003121	0.057023	0.002092	1
0.026362	0.006549	0.949718	0.017371	3
0.000033	0.985432	0.000333	0.014202	2
0.003578	0.000264	0.995854	0.000304	3
0.000015	0.001324	0.998065	0.000596	3
0.034895	0.216103	0.188191	0.560811	4
0.997932	0.000025	0.001911	0.000131	1
0.000546	0.550965	0.015630	0.432859	2
0.000580	0.001869	0.992206	0.005346	3
0.972668	0.001970	0.007683	0.017679	1
0.000338	0.872001	0.000926	0.126736	2
0.991966	0.000138	0.007387	0.000509	1
0.183267	0.083089	0.612187	0.121457	3
0.908327	0.007239	0.058012	0.026423	1
0.950844	0.007685	0.009939	0.031531	1
0.934757	0.000808	0.050669	0.013766	1
0.000106	0.969266	0.000128	0.030500	2
0.000051	0.990790	0.000248	0.008911	2
0.003562	0.000005	0.996404	0.000029	3
0.000159	0.001710	0.995976	0.002155	3
0.847027	0.000117	0.151031	0.001825	1
0.000656	0.128941	0.840670	0.029733	3
0.926613	0.002170	0.021377	0.049839	1
0.982082	0.000014	0.017717	0.000186	1
0.005935	0.074301	0.005284	0.914480	4
0.883461	0.000831	0.083026	0.032682	1
0.000529	0.924521	0.000571	0.074379	2
0.014881	0.010771	0.916503	0.057846	3
0.000760	0.917282	0.005474	0.076484	2
0.003219	0.091615	0.658566	0.246600	3
0.032119	0.912481	0.001028	0.054371	2
0.000008	0.000024	0.999937	0.000030	3
0.005865	0.075297	0.011181	0.907657	4
0.134064	0.007690	0.815878	0.042368	3
0.027279	0.000252	0.971964	0.000505	3
0.011189	0.752662	0.000200	0.235949	2
0.875559	0.005850	0.034270	0.084322	1
0.991713	0.000019	0.007856	0.000412	1
0.741684	0.001748	0.249709	0.006859	1
0.153466	0.159799	0.002893	0.683842	4
0.004354	0.090422	0.897956	0.007267	3
0.936298	0.001234	0.054984	0.007484	1
0.965356	0.000748	0.021204	0.012692	1
0.004884	0.001025	0.992667	0.001424	3
0.272834	0.015356	0.675374	0.036436	3
0.471863	0.003718	0.510802	0.013618	3
0.001868	0.874178	0.000092	0.123863	2
0.998349	0.000015	0.001562	0.000074	1
0.000475	0.000570	0.998498	0.000457	3
0.000459	0.387018	0.092544	0.519979	4
0.995099	0.000003	0.004797	0.000101	1
0.050126	0.826409	0.042711	0.080753	2
0.002591	0.931278	0.004538	0.061593	2
0.000854	0.000581	0.997692	0.000873	3
0.996993	0.000099	0.002645	0.000262	1
0.993225	0.000085	0.006435	0.000255	1
0.463149	0.000484	0.265485	0.270882	1
0.999937	0.000002	0.000037	0.000024	1
0.014886	0.120071	0.004153	0.860890	4
0.000051	0.983268	0.000014	0.016667	2
0.000470	0.005796	0.990972	0.002763	3
0.006642	0.045569	0.917758	0.030031	3
0.989771	0.000015	0.008311	0.001904	1
0.905551	0.024899	0.013499	0.056051	1
0.963395	0.000218	0.035396	0.000991	1
0.009534	0.880908	0.001018	0.108540	2
0.233307	0.024427	0.024939	0.717328	4
0.000194	0.000016	0.999688	0.000102	3
0.009213	0.000796	0.986618	0.003373	3
0.000025	0.958747	0.000164	0.041064	2
0.000014	0.000215	0.998469	0.001302	3
0.000164	0.928784	0.010986	0.060066	2
0.849225	0.000038	0.150475	0.000262	1
0.000034	0.000313	0.999503	0.000150	3
0.000092	0.932457	0.048025	0.019426	2
0.875759	0.000645	0.092451	0.031145	1
0.075979	0.031551	0.878419	0.014051	3
0.000196	0.268190	0.001239	0.730375	4
0.000685	0.915389	0.001126	0.082801	2
0.000047	0.911866	0.000084	0.088003	2
0.000193	0.001360	0.998328	0.000118	3
0.001226	0.001240	0.996139	0.001396	3
0.961059	0.000009	0.038684	0.000248	1
0.002072	0.003043	0.991415	0.003471	3
0.001303	0.000020	0.998593	0.000085	3
0.497541	0.000725	0.500236	0.001498	3
0.964193	0.001282	0.027785	0.006741	1
0.002403	0.689234	0.001518	0.306844	2
0.000255	0.988713	0.000017	0.011015	2
0.000001	0.000009	0.999948	0.000042	3
0.592498	0.016131	0.288820	0.102551	1
0.001947	0.837740	0.001651	0.158662	2
0.674880	0.034844	0.282968	0.007308	1
0.028419	0.399488	0.004127	0.567966	4
0.000267	0.001582	0.997656	0.000496	3
0.000186	0.000155	0.999139	0.000520	3
0.913838	0.003648	0.079667	0.002847	1
0.000017	0.001314	0.997332	0.001336	3
0.020913	0.839601	0.015681	0.123805	2
0.995586	0.000007	0.004382	0.000025	1
0.993273	0.000095	0.004727	0.001905	1
0.996854	0.000032	0.002429	0.000685	1
0.017459	0.635254	0.018685	0.328601	2
0.000223	0.988402	0.000046	0.011329	2
0.000146	0.000777	0.995336	0.003741	3
0.005280	0.000122	0.994405	0.000193	3
0.028483	0.665608	0.011016	0.294893	2
0.000017	0.000744	0.998754	0.000485	3
0.000750	0.007670	0.908707	0.082873	3
0.203040	0.000587	0.782192	0.014181	3
0.000112	0.994272	0.000486	0.005130	2
0.009363	0.969972	0.004612	0.016053	2
0.145308	0.464480	0.363883	0.026329	2
0.004182	0.211202	0.050879	0.733737	4
0.000563	0.002992	0.951165	0.045280	3
0.000440	0.932879	0.002645	0.064035	2
0.001576	0.349203	0.005040	0.644181	4
0.000575	0.918315	0.036024	0.045086	2
0.000410	0.000048	0.999507	0.000035	3
0.001114	0.661982	0.010209	0.326695	2
0.000342	0.923063	0.001217	0.075377	2
0.000015	0.004745	0.994761	0.000479	3
0.000219	0.000760	0.998523	0.000498	3
0.991403	0.000022	0.008385	0.000190	1
0.201928	0.548411	0.047873	0.201788	2
0.000225	0.932088	0.000259	0.067428	2
0.060872	0.776153	0.112330	0.050645	2
0.922094	0.000473	0.074804	0.002629	1
0.000176	0.960073	0.000148	0.039603	2
0.500711	0.000318	0.496099	0.002872	1
0.000132	0.000317	0.999368	0.000183	3
0.002830	0.920785	0.000707	0.075677	2
0.000236	0.794146	0.000764	0.204854	2
0.136319	0.000017	0.863487	0.000177	3
0.000079	0.000003	0.999891	0.000027	3
0.006438	0.273544	0.002084	0.717934	4
0.895568	0.000017	0.104061	0.000354	1
0.000023	0.000249	0.999580	0.000147	3
0.000533	0.035721	0.000738	0.963008	4
0.000391	0.731030	0.001016	0.267562	2
0.812698	0.004597	0.164551	0.018154	1
0.997284	0.000148	0.001689	0.000879	1
0.991366	0.000880	0.006670	0.001084	1
0.000004	0.996580	0.000037	0.003379	2
0.996961	0.000020	0.002862	0.000157	1
0.052231	0.000466	0.945127	0.002176	3
0.000466	0.477795	0.022298	0.499441	4
0.018745	0.044184	0.017937	0.919134	4
0.000030	0.000448	0.999318	0.000205	3
0.000532	0.012248	0.973626	0.013594	3
0.000753	0.551299	0.044387	0.403561	2
0.000201	0.000531	0.998930	0.000338	3
0.779511	0.010488	0.084459	0.125541	1
0.992465	0.000018	0.007466	0.000051	1
0.945953	0.003692	0.036720	0.013635	1
0.980135	0.000008	0.019770	0.000087	1
0.004204	0.666002	0.034687	0.295107	2
0.004553	0.001819	0.972563	0.021064	3
0.002472	0.367965	0.038680	0.590883	4
0.977766	0.000077	0.021916	0.000242	1
0.983987	0.008278	0.004151	0.003584	1
0.002524	0.705238	0.014701	0.277537	2
0.001544	0.901201	0.000123	0.097131	2
0.996436	0.000011	0.003207	0.000347	1
0.017961	0.002676	0.973719	0.005644	3
0.009397	0.010345	0.968597	0.011661	3
0.970199	0.008032	0.009824	0.011945	1
0.092962	0.254886	0.010250	0.641902	4
0.000338	0.000885	0.996351	0.002426	3
0.998080	0.000058	0.001453	0.000409	1
0.000166	0.000622	0.996341	0.002871	3
0.000906	0.016682	0.954193	0.028219	3
0.991275	0.000762	0.001863	0.006100	1
0.000092	0.842968	0.001744	0.155196	2
0.020205	0.062829	0.001590	0.915375	4
0.003082	0.000127	0.995825	0.000966	3
0.993100	0.000012	0.006818	0.000070	1
0.988502	0.000055	0.006939	0.004503	1
0.000542	0.937829	0.014578	0.047051	2
0.010488	0.962319	0.002722	0.024471	2
0.007329	0.000034	0.992568	0.000070	3
0.981145	0.000129	0.017564	0.001163	1
0.930082	0.000228	0.066295	0.003395	1
0.000513	0.002005	0.994509	0.002973	3
0.000968	0.035806	0.015158	0.948068	4
0.000125	0.000553	0.998875	0.000447	3
0.111979	0.000074	0.885711	0.002236	3
0.861782	0.004480	0.113830	0.019909	1
0.963874	0.002108	0.029388	0.004630	1
0.000476	0.001478	0.987921	0.010125	3
0.993728	0.000064	0.006057	0.000150	1
0.003192	0.000812	0.994724	0.001272	3
0.000852	0.863753	0.007423	0.127972	2
0.000294	0.871080	0.000973	0.127653	2
0.011234	0.216049	0.209469	0.563247	4
0.001535	0.000458	0.997435	0.000573	3
0.027112	0.143289	0.739496	0.090103	3
0.984773	0.000002	0.015178	0.000047	1
0.735047	0.003184	0.237623	0.024147	1
0.000826	0.624448	0.008276	0.366451	2
0.005598	0.231125	0.013516	0.749762	4
0.999357	0.000014	0.000520	0.000109	1
0.224111	0.244403	0.003152	0.528334	4
0.003374	0.049084	0.005546	0.941996	4
0.003612	0.861938	0.001141	0.133310	2
0.985666	0.000956	0.002435	0.010942	1
0.000307	0.947415	0.006455	0.045823	2
0.011714	0.002740	0.985285	0.000262	3
0.000003	0.000240	0.999675	0.000082	3
0.009966	0.019829	0.943322	0.026884	3
0.996368	0.000017	0.003382	0.000233	1
0.001479	0.003227	0.991138	0.004156	3
0.022893	0.030153	0.000325	0.946629	4
0.094276	0.226955	0.045237	0.633532	4
0.001680	0.004402	0.983991	0.009927	3
0.000415	0.000051	0.998366	0.001168	3
0.612912	0.086790	0.115675	0.184622	1
0.000181	0.971193	0.000123	0.028503	2
0.006589	0.011629	0.009255	0.972527	4
0.003218	0.310149	0.000099	0.686534	4
0.003499	0.046616	0.131208	0.818678	4
0.000021	0.000035	0.999784	0.000159	3
0.000025	0.000809	0.994876	0.004289	3
0.078625	0.006503	0.050115	0.864757	4
0.381046	0.006862	0.401474	0.210617	3
0.019262	0.023605	0.946554	0.010578	3
0.003928	0.002326	0.987980	0.005766	3
0.007094	0.177201	0.085312	0.730393	4
0.715002	0.017710	0.202289	0.064999	1
0.005520	0.008897	0.966203	0.019380	3
0.001236	0.000275	0.997992	0.000496	3
0.332541	0.197505	0.401249	0.068706	3
0.998950	0.000003	0.001033	0.000015	1
0.014882	0.145533	0.000378	0.839207	4
0.996787	0.000674	0.001431	0.001109	1
0.001906	0.991335	0.000760	0.005998	2
0.865967	0.007679	0.006480	0.119874	1
0.916899	0.001297	0.072801	0.009003	1
0.000046	0.000190	0.999515	0.000249	3
0.004472	0.200476	0.026354	0.768698	4
0.975935	0.000074	0.023627	0.000364	1
0.143926	0.684965	0.118476	0.052633	2
0.978678	0.000150	0.020098	0.001074	1
0.989912	0.000476	0.008017	0.001595	1
0.001237	0.942198	0.003587	0.052978	2
0.443285	0.079071	0.014742	0.462903	4
0.962154	0.000012	0.037631	0.000203	1
0.000129	0.000803	0.998008	0.001060	3
0.902128	0.001688	0.093504	0.002680	1
0.025613	0.241243	0.007272	0.725873	4
0.969106	0.000557	0.029187	0.001149	1
0.000076	0.883942	0.000346	0.115637	2
0.002517	0.837530	0.000963	0.158990	2
0.962285	0.000198	0.036957	0.000560	1
0.000023	0.000051	0.999871	0.000055	3
0.049933	0.005192	0.937269	0.007606	3
0.000033	0.000043	0.999864	0.000059	3
0.837446	0.011328	0.010578	0.140648	1
0.996828	0.000315	0.001972	0.000884	1
0.000073	0.004472	0.993397	0.002059	3
0.167007	0.001101	0.823493	0.008399	3
0.905529	0.001076	0.085754	0.007642	1
0.254824	0.546262	0.009455	0.189459	2
0.850251	0.059559	0.048202	0.041988	1
0.602237	0.001730	0.384140	0.011893	1
0.000444	0.956537	0.000216	0.042804	2
0.040208	0.016379	0.848889	0.094524	3
0.901796	0.012622	0.032983	0.052600	1
0.001772	0.039106	0.002364	0.956758	4
0.982800	0.004428	0.008216	0.004555	1
0.960710	0.005156	0.022930	0.011204	1
0.065791	0.013794	0.898274	0.022141	3
0.055586	0.090346	0.040943	0.813125	4
0.000420	0.967295	0.000491	0.031795	2
0.969068	0.000453	0.027498	0.002980	1
0.000103	0.842306	0.000033	0.157558	2
0.999069	0.000007	0.000751	0.000174	1
0.997457	0.000039	0.002212	0.000292	1
0.115733	0.571144	0.077967	0.235157	2
0.004111	0.002249	0.989267	0.004373	3
0.002598	0.142858	0.000744	0.853800	4
0.990369	0.002169	0.005846	0.001616	1
0.000493	0.969315	0.004344	0.025848	2
0.995241	0.000635	0.001183	0.002941	1
0.000292	0.008462	0.990449	0.000797	3
0.005505	0.003324	0.979575	0.011597	3
0.606050	0.000584	0.389315	0.004050	1
0.000684	0.961647	0.003136	0.034533	2
0.003029	0.000796	0.994365	0.001810	3
0.008655	0.010895	0.080429	0.900021	4
0.005623	0.000524	0.990915	0.002939	3
0.000330	0.989225	0.002240	0.008206	2
0.225074	0.036372	0.608941	0.129613	3
0.101067	0.003231	0.891147	0.004556	3
0.981432	0.000129	0.018036	0.000403	1
0.985993	0.000583	0.011409	0.002016	1
0.998467	0.000065	0.000891	0.000578	1
0.002715	0.235884	0.000745	0.760655	4
0.000177	0.000204	0.998575	0.001044	3
0.987164	0.001828	0.006702	0.004305	1
0.003829	0.028367	0.940422	0.027383	3
0.958096	0.002045	0.011988	0.027871	1
0.000094	0.001927	0.997151	0.000829	3
0.000035	0.008442	0.989111	0.002412	3
0.018879	0.683540	0.005821	0.291760	2
0.307643	0.010667	0.668072	0.013618	3
0.995580	0.000465	0.001400	0.002555	1
0.000324	0.941758	0.001484	0.056435	2
0.981689	0.000410	0.008010	0.009890	1
0.000158	0.833220	0.000259	0.166363	2
0.992110	0.000029	0.007650	0.000211	1
0.000541	0.897223	0.001091	0.101145	2
0.026765	0.322312	0.014003	0.636919	4
0.000004	0.001540	0.998334	0.000121	3
0.001645	0.908758	0.001677	0.087920	2
0.003145	0.000823	0.987338	0.008694	3
0.000960	0.001938	0.995408	0.001694	3
0.010722	0.902936	0.020144	0.066198	2
0.798737	0.113867	0.076321	0.011075	1
0.981608	0.002287	0.005024	0.011081	1
0.002396	0.939670	0.010911	0.047022	2
0.000677	0.000072	0.998441	0.000810	3
0.000404	0.001037	0.993819	0.004739	3
0.000966	0.996172	0.000092	0.002770	2
0.901487	0.006367	0.068853	0.023293	1
0.959176	0.000512	0.037796	0.002516	1
0.000318	0.001042	0.997640	0.001000	3
0.991583	0.001060	0.002689	0.004669	1
0.000614	0.000028	0.999217	0.000141	3
0.000221	0.079181	0.000104	0.920494	4
0.999465	0.000400	0.000069	0.000066	1
0.985880	0.002800	0.001717	0.009603	1
0.052329	0.000131	0.946215	0.001325	3
0.004968	0.372125	0.112219	0.510687	4
0.989278	0.000001	0.010685	0.000036	1
0.976356	0.000705	0.017553	0.005385	1
0.917233	0.000357	0.080848	0.001561	1
0.000340	0.000047	0.999524	0.000089	3
0.004291	0.033140	0.936635	0.025934	3
0.997761	0.000007	0.002119	0.000112	1
0.610247	0.013684	0.310712	0.065357	1
0.000457	0.253540	0.000781	0.745221	4
0.000935	0.962133	0.002010	0.034922	2
0.000066	0.000850	0.998853	0.000231	3
0.995525	0.000572	0.001189	0.002715	1
0.020347	0.589041	0.000517	0.390096	2
0.017760	0.030682	0.000267	0.951291	4
0.968956	0.014661	0.001201	0.015182	1
0.001689	0.811977	0.001969	0.184365	2
0.001065	0.511122	0.110606	0.377206	2
0.977715	0.000234	0.020446	0.001606	1
0.960103	0.025992	0.004632	0.009273	1
0.974425	0.001217	0.021630	0.002728	1
0.990826	0.000451	0.004756	0.003967	1
0.998830	0.000012	0.001079	0.000079	1
0.000023	0.000029	0.999650	0.000298	3
0.989894	0.000099	0.006079	0.003927	1
0.000506	0.000111	0.998358	0.001025	3
0.003954	0.054575	0.003328	0.938143	4
0.009152	0.047363	0.861241	0.082244	3
0.000097	0.000851	0.998465	0.000587	3
0.999390	0.000006	0.000547	0.000057	1
0.991992	0.000014	0.007744	0.000250	1
0.114838	0.452349	0.029107	0.403706	2
0.013526	0.229024	0.000495	0.756955	4
0.001721	0.359482	0.002022	0.636776	4
0.000489	0.000215	0.998127	0.001168	3
0.996235	0.000047	0.000822	0.002896	1
0.006811	0.740575	0.006895	0.245719	2
0.000057	0.004820	0.994649	0.000474	3
0.000578	0.962008	0.000116	0.037298	2
0.996485	0.000018	0.003272	0.000226	1
0.001490	0.693120	0.000721	0.304669	2
0.101931	0.003254	0.885921	0.008895	3
0.003059	0.000135	0.996505	0.000301	3
0.979860	0.000264	0.014529	0.005346	1
0.987080	0.000219	0.008145	0.004557	1
0.111832	0.070103	0.020545	0.797520	4
0.256302	0.000413	0.742416	0.000868	3
0.000537	0.713936	0.003344	0.282183	2
0.497004	0.000334	0.501768	0.000894	3
0.952140	0.005035	0.002118	0.040707	1
0.999720	0.000004	0.000182	0.000094	1
0.002555	0.622477	0.000770	0.374198	2
0.002035	0.050083	0.000857	0.947026	4
0.000099	0.816651	0.000298	0.182952	2
0.072592	0.292110	0.084599	0.550699	4
0.032185	0.001489	0.956267	0.010059	3
0.144226	0.252322	0.008176	0.595276	4
0.973025	0.010632	0.005064	0.011279	1
0.192389	0.182381	0.423950	0.201280	3
0.855964	0.005085	0.108224	0.030728	1
0.000215	0.310583	0.000521	0.688681	4
0.000044	0.989132	0.000109	0.010715	2
0.000081	0.971000	0.000123	0.028796	2
0.064754	0.059544	0.058512	0.817190	4
0.880318	0.000268	0.117970	0.001445	1
0.001419	0.000194	0.997748	0.000639	3
0.978200	0.000464	0.017279	0.004057	1
0.000692	0.953921	0.000179	0.045208	2
0.000396	0.000978	0.995736	0.002890	3
0.001333	0.000667	0.997235	0.000766	3
0.962488	0.000050	0.036217	0.001244	1
0.000422	0.000017	0.999552	0.000009	3
0.000250	0.001634	0.996753	0.001363	3
0.000100	0.000111	0.999581	0.000209	3
0.997067	0.000424	0.001637	0.000872	1
0.011817	0.014829	0.063772	0.909582	4
0.000081	0.000069	0.999236	0.000614	3
0.994531	0.000007	0.005384	0.000077	1
0.998123	0.000660	0.000694	0.000523	1
0.295122	0.000542	0.702775	0.001561	3
0.999395	0.000002	0.000591	0.000013	1
0.907351	0.039237	0.011675	0.041738	1
0.967537	0.002420	0.016838	0.013205	1
0.001615	0.008740	0.987095	0.002549	3
0.142633	0.001290	0.830568	0.025509	3
0.925156	0.000237	0.073422	0.001186	1
0.603133	0.132207	0.055056	0.209604	1
0.665646	0.000703	0.329518	0.004133	1
0.963048	0.001657	0.032327	0.002968	1
0.000024	0.000188	0.999004	0.000784	3
0.996866	0.000847	0.001161	0.001126	1
0.999214	0.000033	0.000672	0.000081	1
0.077259	0.450068	0.181659	0.291014	2
0.958043	0.000074	0.039746	0.002137	1
0.000053	0.001634	0.997349	0.000964	3
0.025267	0.878063	0.005382	0.091288	2
0.017378	0.712789	0.003465	0.266367	2
0.018244	0.287877	0.008372	0.685507	4
0.107906	0.666150	0.001320	0.224624	2
0.016321	0.885733	0.002395	0.095551	2
0.001136	0.196715	0.775070	0.027079	3
0.093548	0.069298	0.729644	0.107510	3
0.210695	0.100187	0.106850	0.582268	4
0.050484	0.515015	0.001643	0.432858	2
0.622977	0.000356	0.363289	0.013379	1
0.990925	0.000435	0.001605	0.007036	1
0.000570	0.180501	0.006457	0.812473	4
0.985574	0.000018	0.013439	0.000969	1
0.000889	0.624016	0.236983	0.138112	2
0.012667	0.076780	0.810906	0.099647	3
0.000089	0.955813	0.000111	0.043988	2
0.997612	0.000093	0.000558	0.001737	1
0.957592	0.005038	0.024865	0.012505	1
0.970926	0.000018	0.028797	0.000260	1
0.053870	0.889622	0.013455	0.043053	2
0.011830	0.020195	0.033930	0.934046	4
0.891841	0.050183	0.002479	0.055497	1
0.000342	0.000564	0.998184	0.000910	3
0.066444	0.000201	0.931954	0.001402	3
0.001788	0.000341	0.995411	0.002459	3
0.005104	0.883457	0.007204	0.104235	2
0.004656	0.019803	0.967858	0.007683	3
0.944860	0.000567	0.045105	0.009468	1
0.010600	0.078383	0.052544	0.858473	4
0.999439	0.000005	0.000506	0.000050	1
0.000205	0.943011	0.009594	0.047189	2
0.005590	0.085598	0.004263	0.904549	4
0.002078	0.000044	0.997809	0.000069	3
0.019989	0.003858	0.972102	0.004050	3
0.974004	0.001754	0.022343	0.001899	1
0.937379	0.000028	0.062295	0.000298	1
0.993373	0.000007	0.006547	0.000074	1
0.990548	0.000041	0.009075	0.000336	1
0.010086	0.569073	0.011950	0.408891	2
0.980431	0.000003	0.019359	0.000208	1
0.000029	0.000328	0.999087	0.000556	3
0.000209	0.518728	0.002098	0.478964	2
0.989809	0.000142	0.009034	0.001015	1
0.993715	0.001077	0.000963	0.004244	1
0.034047	0.916105	0.007007	0.042841	2
0.014399	0.006694	0.873296	0.105611	3
0.615351	0.115712	0.042577	0.226360	1
0.010367	0.001563	0.985007	0.003062	3
0.809296	0.002834	0.002423	0.185448	1
0.149829	0.001852	0.840842	0.007478	3
0.999373	0.000003	0.000593	0.000031	1
0.993624	0.000007	0.006310	0.000059	1
0.001384	0.000644	0.993660	0.004312	3
0.992097	0.000190	0.006288	0.001425	1
0.001344	0.000035	0.998435	0.000185	3
0.030952	0.888598	0.003737	0.076712	2
0.997288	0.000011	0.002513	0.000188	1
0.990550	0.000017	0.008991	0.000442	1
0.980364	0.000356	0.018919	0.000361	1
0.985202	0.000444	0.009971	0.004383	1
0.007496	0.146390	0.025125	0.820989	4
0.003736	0.963525	0.000376	0.032363	2
0.275611	0.000503	0.710012	0.013874	3
0.994675	0.000040	0.003505	0.001780	1
0.996403	0.000901	0.000496	0.002200	1
0.374631	0.023652	0.552413	0.049303	3
0.000106	0.000023	0.999653	0.000218	3
0.989052	0.000195	0.009100	0.001653	1
0.002946	0.002463	0.991852	0.002739	3
0.832302	0.015510	0.084036	0.068153	1
0.009282	0.000715	0.988100	0.001903	3
0.992761	0.000005	0.007058	0.000176	1
0.000327	0.561645	0.428593	0.009435	2
0.023621	0.006271	0.957465	0.012643	3
0.166622	0.000013	0.833190	0.000175	3
0.022379	0.574451	0.042758	0.360412	2
0.998616	0.000018	0.001261	0.000105	1
0.960375	0.000067	0.036968	0.002590	1
0.023086	0.838279	0.006836	0.131799	2
0.000179	0.981154	0.000011	0.018656	2
0.037689	0.535037	0.010674	0.416599	2
0.997982	0.000007	0.001354	0.000656	1
0.021269	0.001344	0.966688	0.010699	3
0.000394	0.573743	0.007170	0.418694	2
0.122937	0.158713	0.537532	0.180818	3
0.006415	0.941384	0.001203	0.050998	2
0.268145	0.186946	0.359809	0.185100	3
0.000053	0.000374	0.999255	0.000318	3
0.969621	0.002539	0.001399	0.026441	1
0.983863	0.000006	0.016091	0.000040	1
0.889348	0.070711	0.006365	0.033576	1
0.136964	0.629548	0.041116	0.192371	2
0.919187	0.000020	0.080671	0.000121	1
0.962115	0.003884	0.020469	0.013532	1
0.987747	0.000067	0.012088	0.000098	1
0.000360	0.863086	0.001590	0.134964	2
0.993309	0.001139	0.002373	0.003179	1
0.966555	0.001154	0.028404	0.003887	1
0.000757	0.864246	0.007921	0.127076	2
0.860174	0.000082	0.139522	0.000222	1
0.000268	0.000005	0.999622	0.000105	3
0.000136	0.001215	0.997208	0.001441	3
0.012116	0.000453	0.985532	0.001899	3
0.033394	0.153715	0.770087	0.042804	3
0.000875	0.000234	0.997770	0.001121	3
0.998467	0.000128	0.000101	0.001304	1
0.999824	0.000002	0.000137	0.000036	1
0.014336	0.940216	0.025386	0.020062	2
0.020412	0.855537	0.007695	0.116356	2
0.349025	0.011222	0.613885	0.025868	3
0.000024	0.947291	0.000076	0.052609	2
0.890611	0.000762	0.107120	0.001507	1
0.042618	0.765940	0.005568	0.185874	2
0.972210	0.000359	0.026978	0.000452	1
0.009797	0.002456	0.985462	0.002285	3
0.957790	0.003239	0.017372	0.021598	1
0.224118	0.029164	0.718450	0.028268	3
0.991782	0.001775	0.001391	0.005052	1
0.029207	0.038224	0.899527	0.033042	3
0.435915	0.000033	0.561581	0.002471	3
0.990562	0.000657	0.004876	0.003906	1
0.000121	0.683551	0.044905	0.271424	2
0.995982	0.001903	0.000997	0.001118	1
0.002699	0.987573	0.000562	0.009166	2
0.496941	0.003772	0.481326	0.017962	1
0.003916	0.905799	0.000104	0.090180	2
0.003224	0.000062	0.996237	0.000476	3
0.999535	0.000001	0.000446	0.000019	1
0.000228	0.496810	0.147608	0.355355	2
0.001400	0.061421	0.002367	0.934813	4
0.010660	0.003105	0.980739	0.005496	3
0.999594	0.000005	0.000251	0.000151	1
0.044897	0.003714	0.948058	0.003331	3
0.906644	0.002674	0.065211	0.025472	1
0.000578	0.078776	0.000323	0.920323	4
0.232745	0.001549	0.757317	0.008389	3
0.009259	0.975350	0.000413	0.014978	2
0.221510	0.713925	0.001908	0.062657	2
0.046135	0.477236	0.014687	0.461941	2
0.988613	0.000459	0.010391	0.000536	1
0.932118	0.000129	0.067299	0.000453	1
0.001179	0.001243	0.996232	0.001346	3
0.000038	0.000045	0.999829	0.000089	3
0.877353	0.031055	0.029576	0.062016	1
0.001675	0.000600	0.995792	0.001933	3
0.000023	0.980343	0.000090	0.019545	2
0.997185	0.000057	0.001806	0.000952	1
0.020744	0.029879	0.931863	0.017514	3
0.065827	0.079501	0.283170	0.571502	4
0.001441	0.000066	0.998408	0.000085	3
0.996857	0.000032	0.002796	0.000315	1
0.996547	0.000188	0.002579	0.000686	1
0.760695	0.001584	0.223551	0.014170	1
0.000423	0.051340	0.031713	0.916524	4
0.999449	0.000072	0.000339	0.000140	1
0.904013	0.003699	0.085866	0.006422	1
0.000396	0.169337	0.000050	0.830218	4
0.015045	0.388224	0.100246	0.496484	4
0.032077	0.222257	0.008844	0.736822	4
0.000393	0.477465	0.000841	0.521301	4
0.967070	0.000792	0.031742	0.000396	1
0.721783	0.005284	0.247835	0.025099	1
0.876347	0.033617	0.002163	0.087872	1
0.000575	0.000159	0.999073	0.000193	3
0.000955	0.716187	0.206031	0.076827	2
0.000200	0.353156	0.064351	0.582293	4
0.996754	0.000059	0.003078	0.000109	1
0.986154	0.000150	0.013284	0.000412	1
0.970191	0.001399	0.019720	0.008689	1
0.000620	0.988020	0.000233	0.011127	2
0.008479	0.009461	0.949083	0.032977	3
0.935721	0.002775	0.056734	0.004770	1
0.998027	0.000104	0.001322	0.000547	1
0.038272	0.123841	0.086290	0.751597	4
0.968878	0.000147	0.029715	0.001260	1
0.990975	0.000173	0.008213	0.000640	1
0.009447	0.017935	0.963365	0.009252	3
0.000258	0.885390	0.012629	0.101724	2
0.000015	0.000066	0.999824	0.000095	3
0.929288	0.004427	0.059670	0.006614	1
0.473627	0.283208	0.173014	0.070151	1
0.847396	0.029385	0.001929	0.121289	1
0.015191	0.197638	0.001738	0.785433	4
0.002199	0.969472	0.017375	0.010953	2
0.965191	0.019992	0.001902	0.012915	1
0.001629	0.011534	0.001009	0.985828	4
0.000172	0.002475	0.994657	0.002696	3
0.410913	0.000613	0.567191	0.021283	3
0.806510	0.014485	0.055662	0.123343	1
0.000078	0.000017	0.999795	0.000110	3
0.004690	0.003361	0.971337	0.020613	3
0.003307	0.607454	0.243769	0.145470	2
0.000549	0.698663	0.016278	0.284511	2
0.911954	0.002497	0.065502	0.020048	1
0.890288	0.000194	0.109044	0.000474	1
0.000258	0.007879	0.977149	0.014715	3
0.000267	0.529107	0.018882	0.451744	2
0.000169	0.000719	0.996924	0.002188	3
0.000376	0.151005	0.011664	0.836955	4
0.000082	0.902641	0.000637	0.096640	2
0.000108	0.630810	0.002025	0.367056	2
0.001230	0.725345	0.091329	0.182096	2
0.966027	0.001102	0.024122	0.008749	1
0.002508	0.001562	0.994030	0.001900	3
0.000633	0.936246	0.000335	0.062786	2
0.966543	0.000699	0.027553	0.005205	1
0.007198	0.873581	0.014430	0.104791	2
0.018482	0.946108	0.004412	0.030997	2
0.926832	0.000843	0.070223	0.002103	1
0.002863	0.000285	0.996534	0.000317	3
0.000919	0.942032	0.000315	0.056734	2
0.223543	0.004485	0.741380	0.030592	3
0.060539	0.000047	0.938243	0.001170	3
0.000046	0.972995	0.000071	0.026888	2
0.007432	0.972462	0.000447	0.019659	2
0.000041	0.004286	0.000668	0.995004	4
0.000226	0.220741	0.000550	0.778484	4
0.972038	0.000299	0.014391	0.013272	1
0.003500	0.868482	0.002695	0.125323	2
0.000139	0.980356	0.000049	0.019456	2
0.101312	0.000277	0.896171	0.002240	3
0.006809	0.000153	0.991754	0.001284	3
0.000026	0.992446	0.000676	0.006852	2
0.000058	0.927387	0.000064	0.072491	2
0.000100	0.000122	0.999561	0.000217	3
0.026260	0.055272	0.873976	0.044492	3
0.000059	0.000530	0.998900	0.000511	3
0.000077	0.968589	0.010165	0.021170	2
0.002777	0.219068	0.001722	0.776434	4
0.486989	0.193180	0.162567	0.157264	1
0.995875	0.000089	0.003862	0.000174	1
0.998362	0.000004	0.001315	0.000320	1
0.000866	0.000746	0.995964	0.002423	3
0.004320	0.090360	0.010321	0.894999	4
0.406445	0.448431	0.000711	0.144413	2
0.001656	0.987570	0.000229	0.010545	2
0.001005	0.000081	0.998749	0.000165	3
0.000968	0.000393	0.998296	0.000344	3
0.210284	0.079639	0.531743	0.178334	3
0.001295	0.092518	0.000534	0.905652	4
0.417381	0.000025	0.582478	0.000117	3
0.996170	0.000060	0.001860	0.001909	1
0.011613	0.000117	0.988171	0.000099	3
0.000017	0.000205	0.999433	0.000344	3
0.736038	0.128491	0.042680	0.092791	1
0.012005	0.000115	0.987072	0.000809	3
0.000362	0.984219	0.000838	0.014581	2
0.993800	0.000019	0.005897	0.000285	1
0.065873	0.000012	0.933979	0.000137	3
0.920592	0.000138	0.077340	0.001929	1
0.997859	0.000047	0.001856	0.000238	1
0.839296	0.015560	0.051822	0.093323	1
0.989819	0.003197	0.001849	0.005135	1
0.997173	0.000099	0.001617	0.001111	1
0.001130	0.786296	0.065557	0.147016	2
0.970920	0.000174	0.026020	0.002886	1
0.973489	0.000103	0.024573	0.001835	1
0.964172	0.000079	0.033342	0.002406	1
0.000016	0.000008	0.999962	0.000014	3
0.000020	0.992254	0.000007	0.007719	2
0.794688	0.000028	0.204985	0.000299	1
0.001657	0.964850	0.000237	0.033257	2
0.004291	0.565677	0.412278	0.017754	2
0.114572	0.304621	0.017780	0.563027	4
0.916664	0.002178	0.074277	0.006881	1
0.001028	0.918842	0.000422	0.079708	2
0.000242	0.768411	0.000611	0.230736	2
0.000061	0.000290	0.999582	0.000066	3
0.363302	0.000155	0.619089	0.017454	3
0.001281	0.519764	0.005245	0.473711	2
0.995175	0.000540	0.003741	0.000544	1
0.000029	0.000159	0.999627	0.000185	3
0.000182	0.825452	0.125068	0.049298	2
0.974264	0.000098	0.023538	0.002101	1
0.000043	0.966695	0.000115	0.033146	2
0.168154	0.757106	0.032762	0.041979	2
0.220059	0.005197	0.734197	0.040547	3
0.382938	0.002175	0.611668	0.003219	3
0.990022	0.000229	0.002598	0.007151	1
0.004928	0.955748	0.003646	0.035677	2
0.936893	0.008060	0.038929	0.016118	1
0.996011	0.000374	0.001245	0.002369	1
0.001911	0.729247	0.033119	0.235722	2
0.002339	0.942235	0.015673	0.039753	2
0.000370	0.916069	0.000062	0.083499	2
0.947321	0.006991	0.028524	0.017164	1
0.436024	0.002487	0.544124	0.017366	3
0.967680	0.001598	0.017227	0.013496	1
0.000817	0.000091	0.999052	0.000040	3
0.995988	0.000396	0.003227	0.000388	1
0.000378	0.881666	0.029187	0.088770	2
0.988780	0.000027	0.010307	0.000885	1
0.000266	0.000025	0.999630	0.000079	3
0.764568	0.000340	0.232086	0.003005	1
0.985638	0.000031	0.013478	0.000852	1
0.005458	0.535961	0.001126	0.457455	2
0.002371	0.965706	0.000467	0.031457	2
0.001036	0.967001	0.004004	0.027959	2
0.053475	0.508981	0.031412	0.406133	2
0.951938	0.006391	0.026255	0.015416	1
0.000362	0.000243	0.998577	0.000818	3
0.009148	0.656676	0.037943	0.296234	2
0.923011	0.000961	0.072159	0.003869	1
0.001329	0.210914	0.432198	0.355558	3
0.000145	0.000035	0.999723	0.000097	3
0.000062	0.958325	0.000165	0.041449	2
0.273131	0.000972	0.677782	0.048115	3
0.874383	0.000406	0.118848	0.006363	1
0.042841	0.001329	0.951500	0.004330	3
0.000671	0.576420	0.005184	0.417725	2
0.972577	0.000078	0.027245	0.000100	1
0.064188	0.001808	0.926776	0.007229	3
0.000444	0.685886	0.000758	0.312911	2
0.028860	0.879961	0.005681	0.085498	2
0.001479	0.011127	0.977831	0.009563	3
0.828185	0.009631	0.157915	0.004269	1
0.016082	0.594251	0.003689	0.385978	2
0.003657	0.002354	0.987583	0.006406	3
0.375375	0.058862	0.001292	0.564471	4
0.019860	0.955192	0.000103	0.024845	2
0.117887	0.059978	0.046625	0.775510	4
0.135746	0.000133	0.862881	0.001239	3
0.029249	0.003550	0.960988	0.006213	3
0.000137	0.001096	0.998145	0.000622	3
0.006605	0.944033	0.000063	0.049300	2
0.036748	0.001129	0.952106	0.010016	3
0.003577	0.043193	0.008964	0.944265	4
0.001169	0.952964	0.000348	0.045519	2
0.865102	0.006272	0.110080	0.018546	1
0.003735	0.000693	0.981300	0.014273	3
0.000895	0.974056	0.000431	0.024618	2
0.035581	0.019179	0.173331	0.771909	4
0.997065	0.000049	0.002603	0.000283	1
0.000640	0.098551	0.000708	0.900100	4
0.396953	0.183182	0.062497	0.357368	1
0.001652	0.142439	0.296868	0.559041	4
0.001487	0.000121	0.997253	0.001139	3
0.000010	0.994916	0.000068	0.005006	2
0.974794	0.002893	0.014290	0.008023	1
0.997208	0.000028	0.002700	0.000064	1
0.000020	0.885102	0.001228	0.113650	2
0.001772	0.002251	0.989539	0.006438	3
0.000274	0.001527	0.992056	0.006143	3
0.950851	0.000470	0.043171	0.005508	1
0.023404	0.359551	0.042561	0.574484	4
0.990815	0.000046	0.007160	0.001979	1
0.004356	0.931577	0.004318	0.059748	2
0.000031	0.001109	0.997117	0.001743	3
0.000197	0.000409	0.999077	0.000317	3
0.998474	0.000005	0.001475	0.000046	1
0.969883	0.000455	0.025579	0.004083	1
0.029307	0.000759	0.968174	0.001760	3
0.036275	0.055366	0.617896	0.290463	3
0.004479	0.098311	0.841058	0.056152	3
0.000559	0.000764	0.996878	0.001799	3
0.000698	0.931475	0.043593	0.024234	2
0.000108	0.009608	0.987521	0.002764	3
0.992468	0.000171	0.005775	0.001586	1
0.021353	0.132886	0.000724	0.845037	4
0.975148	0.000002	0.024771	0.000079	1
0.052856	0.003747	0.927648	0.015750	3
0.828580	0.000052	0.167150	0.004217	1
0.011729	0.708499	0.077443	0.202329	2
0.001559	0.969859	0.000571	0.028011	2
0.938827	0.000863	0.050736	0.009574	1
0.000953	0.000815	0.981014	0.017219	3
0.000026	0.998255	0.000250	0.001469	2
0.034409	0.167114	0.008439	0.790039	4
0.006404	0.002298	0.984208	0.007090	3
0.572652	0.000561	0.426560	0.000226	1
0.991288	0.000316	0.005524	0.002871	1
0.994794	0.000077	0.004886	0.000243	1
0.381557	0.001086	0.601850	0.015507	3
0.970322	0.000613	0.021191	0.007873	1
0.010487	0.791284	0.012322	0.185907	2
0.000066	0.000024	0.999813	0.000097	3
0.960513	0.000043	0.038401	0.001043	1
0.000025	0.001638	0.997940	0.000397	3
0.000069	0.002287	0.000014	0.997630	4
0.001453	0.018606	0.968373	0.011568	3
0.997569	0.000055	0.001902	0.000474	1
0.545876	0.039294	0.165677	0.249153	1
0.001465	0.937242	0.000696	0.060597	2
0.002280	0.729744	0.008740	0.259236	2
0.998732	0.000039	0.000527	0.000702	1
0.001771	0.174617	0.001366	0.822246	4
0.000016	0.956221	0.000531	0.043232	2
0.000457	0.910849	0.000632	0.088061	2
0.013593	0.029026	0.937450	0.019930	3
0.187725	0.000692	0.804037	0.007547	3
0.002739	0.000693	0.968685	0.027883	3
0.003960	0.164875	0.001428	0.829737	4
0.000015	0.000039	0.999881	0.000066	3
0.000152	0.128527	0.000066	0.871255	4
0.005683	0.001277	0.991098	0.001942	3
0.004383	0.000398	0.994190	0.001030	3
0.996041	0.000058	0.003543	0.000358	1
0.010386	0.552906	0.070031	0.366677	2
0.987553	0.001775	0.000751	0.009921	1
0.992633	0.001732	0.001803	0.003832	1
0.002737	0.033055	0.958016	0.006193	3
0.003009	0.004604	0.985919	0.006467	3
0.986818	0.001342	0.003768	0.008072	1
0.000546	0.974105	0.013108	0.012240	2
0.998229	0.000343	0.000757	0.000671	1
0.025715	0.347587	0.023701	0.602996	4
0.001829	0.946641	0.000236	0.051294	2
0.481831	0.004036	0.511286	0.002847	3
0.005716	0.000536	0.993471	0.000277	3
0.973435	0.000720	0.024749	0.001096	1
0.959933	0.010692	0.002535	0.026840	1
0.002041	0.749598	0.217535	0.030826	2
0.002158	0.342754	0.036993	0.618096	4
0.030416	0.000388	0.967305	0.001890	3
0.001864	0.949310	0.000268	0.048558	2
0.002435	0.950855	0.026750	0.019960	2
0.066376	0.842572	0.047383	0.043669	2
0.761304	0.022046	0.000971	0.215679	1
0.004563	0.465260	0.149797	0.380381	2
0.946782	0.000189	0.052509	0.000520	1
0.978636	0.001415	0.012527	0.007422	1
0.003873	0.003997	0.978432	0.013699	3
0.000693	0.987898	0.003701	0.007708	2
0.854634	0.004563	0.135356	0.005447	1
0.786004	0.001336	0.205668	0.006993	1
0.000082	0.000019	0.999855	0.000044	3
0.997861	0.000001	0.002097	0.000041	1
0.057819	0.061140	0.696770	0.184270	3
0.489515	0.000094	0.509997	0.000394	3
0.000180	0.005807	0.002900	0.991113	4
0.002885	0.049729	0.000439	0.946948	4
0.002045	0.016306	0.000116	0.981533	4
0.012638	0.907786	0.033957	0.045619	2
0.988141	0.000298	0.009007	0.002553	1
0.894840	0.000491	0.097826	0.006843	1
0.998650	0.000028	0.000315	0.001007	1
0.968127	0.004818	0.021316	0.005738	1
0.994810	0.000038	0.004771	0.000381	1
0.999022	0.000114	0.000556	0.000308	1
0.986540	0.000024	0.013362	0.000073	1
0.002612	0.156450	0.000954	0.839984	4
0.005426	0.134906	0.003304	0.856364	4
0.000097	0.916060	0.000032	0.083812	2
0.000620	0.000489	0.997956	0.000935	3
0.008186	0.911602	0.006460	0.073753	2
0.003044	0.008445	0.966817	0.021694	3
0.063609	0.372949	0.336564	0.226878	2
0.007591	0.001663	0.986038	0.004708	3
0.000138	0.036454	0.000964	0.962444	4
0.000051	0.932116	0.000055	0.067778	2
0.000125	0.977121	0.000970	0.021783	2
0.993592	0.000015	0.005841	0.000552	1
0.001124	0.000187	0.998574	0.000115	3
0.028537	0.316043	0.005818	0.649602	4
0.019802	0.000189	0.978891	0.001118	3
0.017092	0.028595	0.008104	0.946209	4
0.993277	0.000086	0.005358	0.001280	1
0.261499	0.001870	0.731492	0.005140	3
0.997953	0.000079	0.001821	0.000147	1
0.000027	0.995196	0.000224	0.004553	2
0.392599	0.000267	0.599300	0.007834	3
0.000189	0.000678	0.991232	0.007901	3
0.959835	0.001422	0.024535	0.014208	1
0.901497	0.007358	0.008813	0.082333	1
0.978564	0.000267	0.016777	0.004392	1
0.988279	0.000111	0.009955	0.001655	1
0.000010	0.000630	0.998717	0.000643	3
0.900319	0.001947	0.089494	0.008239	1
0.005074	0.019331	0.007804	0.967790	4
0.961764	0.003070	0.027652	0.007514	1
0.001281	0.948681	0.000325	0.049713	2
0.633800	0.004660	0.350455	0.011086	1
0.000041	0.000692	0.999094	0.000172	3
0.001360	0.125436	0.014705	0.858499	4
0.000034	0.773626	0.000454	0.225885	2
0.000304	0.057054	0.000064	0.942578	4
0.003137	0.810219	0.000280	0.186364	2
0.303544	0.002284	0.676577	0.017595	3
0.994291	0.000253	0.004936	0.000520	1
0.000024	0.001767	0.997983	0.000226	3
0.000226	0.009905	0.986917	0.002951	3
0.000731	0.006799	0.987772	0.004698	3
0.000266	0.936838	0.000804	0.062092	2
0.976498	0.000129	0.022080	0.001293	1
0.000973	0.000010	0.998636	0.000381	3
0.003899	0.433974	0.017745	0.544381	4
0.393595	0.003024	0.527152	0.076229	3
0.000005	0.981299	0.000006	0.018690	2
0.009891	0.000030	0.989708	0.000370	3
0.601289	0.000361	0.388087	0.010263	1
0.816030	0.000280	0.181729	0.001961	1
0.051593	0.280663	0.016964	0.650780	4
0.998730	0.000005	0.001132	0.000132	1
0.021641	0.000365	0.976861	0.001132	3
0.001531	0.015284	0.969894	0.013291	3
0.001707	0.032270	0.059193	0.906831	4
0.023203	0.006184	0.942955	0.027658	3
0.000325	0.000166	0.999056	0.000453	3
0.000182	0.000959	0.998341	0.000517	3
0.945596	0.001653	0.046951	0.005800	1
0.000249	0.958612	0.000252	0.040888	2
0.000953	0.798686	0.000617	0.199743	2
0.000242	0.040036	0.001320	0.958402	4
0.990501	0.001282	0.006465	0.001752	1
0.984274	0.000741	0.013826	0.001159	1
0.272407	0.443122	0.034731	0.249740	2
0.943211	0.000189	0.054655	0.001945	1
0.008970	0.108829	0.103531	0.778670	4
0.002018	0.078328	0.913614	0.006040	3
0.899661	0.014491	0.021589	0.064258	1
0.015605	0.722479	0.002190	0.259726	2
0.013923	0.005537	0.975575	0.004964	3
0.997224	0.000871	0.000882	0.001023	1
0.995872	0.000639	0.001786	0.001704	1
0.015973	0.025686	0.606488	0.351853	3
0.000233	0.123368	0.001605	0.874793	4
0.135756	0.035669	0.049902	0.778673	4
0.994747	0.000214	0.004218	0.000822	1
0.000268	0.151208	0.839469	0.009055	3
0.063200	0.862469	0.061149	0.013182	2
0.001681	0.272025	0.010397	0.715897	4
0.002603	0.256742	0.016528	0.724126	4
0.001352	0.749554	0.001636	0.247459	2
0.899644	0.031392	0.001241	0.067723	1
0.986109	0.001009	0.001796	0.011087	1
0.000038	0.000616	0.998163	0.001183	3
0.000906	0.000440	0.997505	0.001149	3
0.014291	0.017054	0.886582	0.082073	3
0.000518	0.540656	0.006878	0.451947	2
0.000092	0.000542	0.998865	0.000501	3
0.995539	0.000058	0.004036	0.000367	1
0.019576	0.016368	0.917346	0.046710	3
0.001692	0.454629	0.000049	0.543630	4
0.002803	0.918406	0.004023	0.074768	2
0.105071	0.006984	0.877044	0.010900	3
0.002555	0.235694	0.003199	0.758552	4
0.003355	0.987742	0.000110	0.008793	2
0.996096	0.000040	0.003615	0.000249	1
0.000330	0.000045	0.999534	0.000091	3
0.498753	0.000197	0.499707	0.001343	3
0.004337	0.000325	0.993502	0.001836	3
0.000010	0.000085	0.999864	0.000040	3
0.877537	0.000605	0.112696	0.009162	1
0.000864	0.968583	0.000721	0.029831	2
0.358845	0.000828	0.632251	0.008076	3
0.003738	0.000477	0.989694	0.006090	3
0.801402	0.001904	0.193127	0.003566	1
0.000282	0.865056	0.000537	0.134125	2
0.823363	0.000120	0.176347	0.000170	1
0.966193	0.000228	0.032377	0.001202	1
0.986975	0.000199	0.012350	0.000477	1
0.994160	0.000159	0.005360	0.000321	1
0.000044	0.939571	0.000168	0.060217	2
0.036451	0.388895	0.015136	0.559518	4
0.062176	0.000434	0.935829	0.001561	3
0.000148	0.946099	0.003789	0.049964	2
0.984622	0.000011	0.014433	0.000934	1
0.001127	0.329777	0.011001	0.658095	4
0.000360	0.004095	0.995231	0.000314	3
0.026654	0.073378	0.003166	0.896801	4
0.114303	0.015818	0.627857	0.242023	3
0.954964	0.002258	0.040115	0.002663	1
0.627260	0.236130	0.001073	0.135537	1
0.600914	0.006693	0.202153	0.190241	1
0.000355	0.932810	0.000948	0.065887	2
0.000020	0.892469	0.000022	0.107489	2
0.042902	0.000010	0.956676	0.000412	3
0.992792	0.001028	0.001783	0.004397	1
0.000075	0.004443	0.991664	0.003818	3
0.000346	0.000234	0.999053	0.000368	3
0.000466	0.000768	0.992945	0.005821	3
