0.110066	0.376233	0.180647	0.333054	2
0.035347	0.104505	0.773252	0.086896	3
0.119558	0.113226	0.659104	0.108112	3
0.742243	0.050191	0.145973	0.061593	1
0.461771	0.108474	0.320293	0.109462	1
0.064655	0.311080	0.430348	0.193917	3
0.101115	0.121385	0.660549	0.116952	3
0.151870	0.307116	0.139395	0.401620	4
0.094960	0.110401	0.693764	0.100875	3
0.216803	0.366374	0.138817	0.278006	2
0.603669	0.080045	0.218738	0.097548	1
0.254756	0.319709	0.167048	0.258488	2
0.665108	0.082481	0.160390	0.092021	1
0.475670	0.140489	0.219989	0.163851	1
0.218318	0.241666	0.348977	0.191039	3
0.062692	0.095553	0.762849	0.078906	3
0.179221	0.254553	0.209687	0.356540	4
0.187110	0.271018	0.202726	0.339146	4
0.073918	0.124729	0.698418	0.102935	3
0.605762	0.079049	0.217545	0.097643	1
0.410511	0.211604	0.180801	0.197084	1
0.552852	0.132365	0.202191	0.112592	1
0.136410	0.429505	0.149374	0.284711	2
0.078859	0.114436	0.701959	0.104746	3
0.703908	0.070705	0.140736	0.084651	1
0.073831	0.148261	0.652680	0.125229	3
0.105507	0.425688	0.195165	0.273639	2
0.462887	0.170792	0.210390	0.155931	1
0.301560	0.202995	0.279248	0.216197	1
0.130433	0.458069	0.151458	0.260040	2
0.169240	0.124610	0.596432	0.109717	3
0.120198	0.210557	0.490710	0.178535	3
0.154248	0.264977	0.333582	0.247192	3
0.494384	0.105446	0.277402	0.122767	1
0.077370	0.354102	0.267661	0.300867	2
0.136905	0.166679	0.555562	0.140854	3
0.544258	0.142402	0.135708	0.177632	1
0.118160	0.410247	0.178337	0.293256	2
0.677117	0.081460	0.136739	0.104684	1
0.357218	0.176998	0.281064	0.184720	1
0.424749	0.195109	0.165860	0.214281	1
0.466579	0.187351	0.137055	0.209015	1
0.381612	0.174983	0.251353	0.192053	1
0.086333	0.498538	0.116573	0.298556	2
0.093921	0.468461	0.142042	0.295577	2
0.210632	0.068063	0.650503	0.070803	3
0.047685	0.112210	0.748847	0.091257	3
0.495454	0.109951	0.267040	0.127555	1
0.094676	0.217436	0.519042	0.168846	3
0.408902	0.158648	0.254633	0.177817	1
0.590158	0.083778	0.232471	0.093592	1
0.140110	0.341237	0.140040	0.378613	4
0.367053	0.198707	0.223735	0.210505	1
0.131346	0.428213	0.141777	0.298664	2
0.215680	0.255881	0.305647	0.222792	3
0.119323	0.336428	0.269078	0.275171	2
0.160054	0.275966	0.297940	0.266040	3
0.181318	0.434540	0.117038	0.267104	2
0.028980	0.085950	0.836844	0.048227	3
0.146204	0.305043	0.211978	0.336774	4
0.294889	0.225394	0.205236	0.274481	1
0.165994	0.102564	0.626161	0.105281	3
0.230130	0.341909	0.162146	0.265815	2
0.413693	0.184711	0.187695	0.213902	1
0.641748	0.083952	0.176074	0.098226	1
0.453981	0.139431	0.263272	0.143316	1
0.250831	0.293075	0.154050	0.302044	4
0.149973	0.215977	0.465892	0.168158	3
0.422313	0.156996	0.259170	0.161520	1
0.552724	0.138412	0.177870	0.130994	1
0.106746	0.109930	0.676861	0.106463	3
0.360664	0.209851	0.224657	0.204827	1
0.408561	0.164501	0.243359	0.183579	1
0.119292	0.437076	0.136653	0.306978	2
0.759481	0.053426	0.109524	0.077569	1
0.087695	0.174471	0.579802	0.158032	3
0.100752	0.353846	0.216683	0.328719	2
0.736738	0.060518	0.129701	0.073043	1
0.198048	0.313779	0.233242	0.254930	2
0.090707	0.370949	0.248635	0.289709	2
0.112449	0.176946	0.565779	0.144827	3
0.644149	0.080139	0.180202	0.095510	1
0.650327	0.099170	0.143058	0.107445	1
0.423543	0.139407	0.253747	0.183303	1
0.811720	0.037233	0.097545	0.053502	1
0.240667	0.270319	0.166963	0.322051	4
0.062511	0.571693	0.065711	0.300086	2
0.107606	0.190177	0.538363	0.163854	3
0.238190	0.247829	0.305835	0.208146	3
0.643088	0.075944	0.177301	0.103667	1
0.496644	0.160130	0.179541	0.163685	1
0.568440	0.118373	0.174865	0.138322	1
0.160212	0.414082	0.192009	0.233697	2
0.322235	0.218567	0.167540	0.291659	1
0.080568	0.072320	0.785662	0.061450	3
0.276599	0.182702	0.347617	0.193082	3
0.092542	0.433931	0.170474	0.303054	2
0.104803	0.150914	0.611109	0.133173	3
0.076823	0.402043	0.227473	0.293661	2
0.487627	0.118533	0.264770	0.129070	1
0.071847	0.114941	0.700960	0.112253	3
0.073915	0.354415	0.342513	0.229157	2
0.418911	0.167423	0.230800	0.182866	1
0.397563	0.181562	0.246438	0.174437	1
0.125655	0.368991	0.149274	0.356080	2
0.114805	0.493839	0.109083	0.282273	2
0.091663	0.535501	0.086720	0.286116	2
0.092649	0.122049	0.677032	0.108269	3
0.159263	0.191474	0.476113	0.173150	3
0.654335	0.082223	0.167747	0.095696	1
0.162693	0.202420	0.458365	0.176522	3
0.276353	0.126345	0.482273	0.115028	3
0.359592	0.146655	0.341760	0.151992	1
0.451661	0.160097	0.231328	0.156913	1
0.127461	0.408685	0.137580	0.326274	2
0.125377	0.457618	0.142666	0.274339	2
0.039112	0.062583	0.834186	0.064119	3
0.300061	0.189060	0.283487	0.227392	1
0.157826	0.398268	0.145420	0.298485	2
0.317268	0.197985	0.317031	0.167717	1
0.133125	0.385144	0.117238	0.364492	2
0.075755	0.091225	0.744516	0.088504	3
0.188177	0.153839	0.521129	0.136855	3
0.471152	0.137956	0.254151	0.136742	1
0.077746	0.156717	0.633991	0.131545	3
0.180823	0.351068	0.187058	0.281051	2
0.781601	0.048201	0.114668	0.055529	1
0.632314	0.086613	0.185723	0.095350	1
0.625747	0.068252	0.213051	0.092950	1
0.158745	0.350343	0.186724	0.304188	2
0.161235	0.434228	0.139739	0.264798	2
0.099527	0.143118	0.617577	0.139778	3
0.217932	0.188150	0.438635	0.155282	3
0.167619	0.371436	0.147451	0.313494	2
0.072496	0.165138	0.614140	0.148226	3
0.043639	0.165280	0.635379	0.155702	3
0.384919	0.126415	0.352882	0.135784	1
0.156823	0.450339	0.151423	0.241415	2
0.162553	0.430063	0.148141	0.259244	2
0.303555	0.210910	0.300546	0.184988	1
0.144551	0.303245	0.198627	0.353578	4
0.203559	0.242219	0.326793	0.227429	3
0.140161	0.425293	0.155688	0.278858	2
0.144934	0.402117	0.134848	0.318101	2
0.134323	0.408363	0.179026	0.278288	2
0.062465	0.079611	0.792974	0.064950	3
0.127262	0.354672	0.198214	0.319852	2
0.130633	0.409715	0.155665	0.303987	2
0.043279	0.165307	0.676814	0.114600	3
0.104579	0.167070	0.596229	0.132123	3
0.684952	0.075877	0.153758	0.085414	1
0.254562	0.300103	0.185599	0.259736	2
0.093681	0.449542	0.140830	0.315947	2
0.249237	0.334942	0.189839	0.225981	2
0.584714	0.094062	0.211305	0.109919	1
0.098494	0.494912	0.104598	0.301996	2
0.575587	0.096941	0.210523	0.116948	1
0.068123	0.137165	0.694349	0.100364	3
0.146519	0.465076	0.131824	0.256582	2
0.110453	0.435966	0.118130	0.335451	2
0.418987	0.062411	0.449033	0.069570	3
0.093871	0.076962	0.744152	0.085015	3
0.205111	0.302716	0.185448	0.306725	4
0.582526	0.086846	0.228101	0.102527	1
0.052560	0.103668	0.766538	0.077235	3
0.168907	0.319369	0.128048	0.383676	4
0.128946	0.401548	0.142763	0.326743	2
0.436719	0.162846	0.203985	0.196450	1
0.694574	0.080013	0.128644	0.096769	1
0.651841	0.088364	0.161152	0.098643	1
0.106326	0.502314	0.118778	0.272581	2
0.690237	0.069833	0.154423	0.085507	1
0.209434	0.113004	0.551564	0.125998	3
0.141191	0.379839	0.168748	0.310222	2
0.217701	0.265751	0.210357	0.306190	4
0.039808	0.097513	0.796139	0.066541	3
0.138675	0.186495	0.491845	0.182985	3
0.124549	0.369507	0.211922	0.294022	2
0.078609	0.148351	0.655735	0.117305	3
0.315361	0.229582	0.217706	0.237351	1
0.652565	0.075999	0.181454	0.089983	1
0.433429	0.148370	0.245309	0.172892	1
0.608415	0.071692	0.236568	0.083325	1
0.126930	0.378599	0.174174	0.320296	2
0.236486	0.193823	0.363280	0.206411	3
0.183923	0.316676	0.212654	0.286747	2
0.578042	0.117651	0.164774	0.139534	1
0.570078	0.142040	0.132832	0.155049	1
0.142664	0.363451	0.201751	0.292134	2
0.120116	0.472867	0.115238	0.291779	2
0.676575	0.079369	0.150160	0.093896	1
0.267247	0.201802	0.332793	0.198158	3
0.067590	0.215146	0.556483	0.160781	3
0.493971	0.184496	0.167648	0.153886	1
0.192344	0.312364	0.167521	0.327770	4
0.080832	0.161218	0.621921	0.136028	3
0.634183	0.093855	0.146039	0.125924	1
0.050563	0.127718	0.705106	0.116612	3
0.127982	0.176656	0.536849	0.158514	3
0.670505	0.092453	0.124198	0.112844	1
0.099704	0.450078	0.113760	0.336458	2
0.186653	0.335489	0.146775	0.331083	2
0.151957	0.125293	0.595328	0.127423	3
0.738924	0.063734	0.125222	0.072120	1
0.549170	0.109095	0.221087	0.120648	1
0.135004	0.402457	0.193529	0.269010	2
0.243875	0.362573	0.167671	0.225881	2
0.192540	0.088868	0.638764	0.079828	3
0.575257	0.104329	0.196555	0.123859	1
0.479156	0.159295	0.187680	0.173869	1
0.072085	0.153423	0.651246	0.123246	3
0.146658	0.240565	0.262178	0.350600	4
0.063803	0.076496	0.784274	0.075426	3
0.494617	0.106522	0.264228	0.134632	1
0.444651	0.143284	0.248013	0.164052	1
0.430862	0.149721	0.271826	0.147591	1
0.071666	0.121547	0.709844	0.096942	3
0.680721	0.069903	0.169178	0.080199	1
0.111539	0.138314	0.612622	0.137525	3
0.135146	0.390886	0.187176	0.286792	2
0.082208	0.430883	0.175705	0.311204	2
0.196044	0.295308	0.215959	0.292689	2
0.162977	0.151426	0.547142	0.138456	3
0.231715	0.248778	0.281269	0.238239	3
0.706706	0.056662	0.168199	0.068433	1
0.563546	0.110583	0.173997	0.151874	1
0.120896	0.406324	0.140533	0.332246	2
0.118164	0.360225	0.191568	0.330043	2
0.731019	0.071985	0.105903	0.091094	1
0.323717	0.278763	0.122140	0.275381	1
0.146752	0.313927	0.203950	0.335370	4
0.137053	0.435840	0.105815	0.321291	2
0.448545	0.207040	0.111430	0.232985	1
0.143362	0.396265	0.191192	0.269181	2
0.214482	0.152350	0.503873	0.129295	3
0.033497	0.116105	0.774001	0.076398	3
0.170609	0.214990	0.402215	0.212186	3
0.679959	0.083597	0.124855	0.111589	1
0.134605	0.191875	0.519933	0.153588	3
0.196025	0.335943	0.108908	0.359124	4
0.328796	0.197018	0.264840	0.209347	1
0.128944	0.149825	0.593585	0.127645	3
0.102888	0.103836	0.679757	0.113519	3
0.263037	0.244141	0.250355	0.242467	1
0.177738	0.390178	0.161861	0.270224	2
0.153684	0.262443	0.244793	0.339080	4
0.107375	0.411978	0.097274	0.383372	2
0.136449	0.301907	0.243103	0.318542	4
0.042258	0.115041	0.740945	0.101756	3
0.070615	0.140944	0.661021	0.127420	3
0.296969	0.176639	0.283577	0.242814	1
0.410711	0.153127	0.240038	0.196123	1
0.211921	0.196951	0.423280	0.167849	3
0.204586	0.225336	0.327692	0.242385	3
0.141901	0.321798	0.205796	0.330505	4
0.366535	0.153392	0.319059	0.161014	1
0.098843	0.202835	0.513215	0.185107	3
0.123382	0.167909	0.571634	0.137076	3
0.291672	0.230752	0.305588	0.171987	3
0.737243	0.045910	0.157609	0.059239	1
0.185126	0.310290	0.161276	0.343308	4
0.453228	0.182170	0.191800	0.172802	1
0.193386	0.401861	0.178164	0.226589	2
0.373004	0.239426	0.153575	0.233995	1
0.517966	0.125678	0.206849	0.149506	1
0.045994	0.075488	0.811964	0.066554	3
0.153291	0.309046	0.224124	0.313539	4
0.678558	0.093294	0.133890	0.094258	1
0.332773	0.230691	0.249513	0.187024	1
0.436944	0.139973	0.277582	0.145502	1
0.496801	0.130452	0.227113	0.145634	1
0.124871	0.398167	0.152939	0.324023	2
0.248196	0.317089	0.122122	0.312593	2
0.657011	0.074376	0.189073	0.079539	1
0.085334	0.136794	0.652198	0.125674	3
0.452741	0.167667	0.222153	0.157440	1
0.211877	0.322572	0.152855	0.312696	2
0.526095	0.134118	0.191281	0.148506	1
0.088616	0.431605	0.145603	0.334175	2
0.174740	0.384875	0.180549	0.259836	2
0.495753	0.119169	0.270226	0.114852	1
0.058783	0.133055	0.705223	0.102939	3
0.186848	0.169783	0.493243	0.150127	3
0.072851	0.105937	0.744641	0.076571	3
0.425536	0.188285	0.157330	0.228849	1
0.642089	0.108458	0.142147	0.107307	1
0.038517	0.139237	0.708646	0.113600	3
0.381358	0.149128	0.298231	0.171283	1
0.406212	0.146327	0.305607	0.141854	1
0.243324	0.262098	0.240760	0.253817	2
0.325600	0.238799	0.194642	0.240959	1
0.415486	0.165755	0.268637	0.150122	1
0.098420	0.489001	0.103625	0.308954	2
0.212744	0.288419	0.232942	0.265894	2
0.452567	0.204283	0.154887	0.188263	1
0.102392	0.344436	0.196544	0.356628	4
0.500237	0.177084	0.160119	0.162560	1
0.415285	0.167393	0.261581	0.155741	1
0.240756	0.266291	0.220521	0.272433	4
0.164951	0.291212	0.189996	0.353842	4
0.107398	0.503988	0.139582	0.249033	2
0.566262	0.128794	0.182126	0.122817	1
0.091592	0.502187	0.072453	0.333768	2
0.712931	0.079267	0.114660	0.093142	1
0.588913	0.097341	0.207536	0.106210	1
0.291143	0.311092	0.150085	0.247680	2
0.116765	0.180788	0.546201	0.156246	3
0.176715	0.336158	0.162620	0.324507	2
0.523346	0.147064	0.180734	0.148856	1
0.154868	0.415720	0.153401	0.276011	2
0.490685	0.178656	0.150398	0.180261	1
0.081564	0.152986	0.655206	0.110244	3
0.247671	0.183790	0.369526	0.199012	3
0.479835	0.133943	0.228606	0.157617	1
0.158984	0.384403	0.179222	0.277391	2
0.309006	0.172076	0.371203	0.147715	3
0.129017	0.283733	0.194707	0.392543	4
0.269726	0.120944	0.475524	0.133806	3
0.122016	0.495166	0.174712	0.208106	2
0.282776	0.240557	0.224716	0.251951	1
0.303940	0.150540	0.397055	0.148465	3
0.417986	0.147197	0.283317	0.151499	1
0.574589	0.099950	0.204511	0.120950	1
0.638971	0.088354	0.170581	0.102094	1
0.097711	0.408863	0.108882	0.384544	2
0.086649	0.157434	0.626987	0.128931	3
0.480657	0.151093	0.206512	0.161738	1
0.186635	0.269932	0.304830	0.238604	3
0.544391	0.123578	0.174072	0.157960	1
0.067236	0.138498	0.682332	0.111934	3
0.060266	0.230743	0.543299	0.165692	3
0.233673	0.362393	0.136378	0.267556	2
0.357434	0.214876	0.219291	0.208399	1
0.472242	0.182300	0.159512	0.185946	1
0.085892	0.416116	0.224258	0.273734	2
0.504523	0.168345	0.142199	0.184933	1
0.109414	0.442704	0.115465	0.332417	2
0.664850	0.074989	0.174673	0.085488	1
0.136409	0.358309	0.245241	0.260041	2
0.155780	0.386983	0.128525	0.328713	2
0.032027	0.102930	0.794170	0.070873	3
0.161001	0.385395	0.176307	0.277296	2
0.146624	0.174802	0.523670	0.154904	3
0.151421	0.173600	0.514803	0.160176	3
0.149944	0.368699	0.246176	0.235181	2
0.369062	0.230840	0.231687	0.168411	1
0.515254	0.130375	0.212552	0.141819	1
0.139748	0.373436	0.228575	0.258241	2
0.105041	0.181383	0.528638	0.184938	3
0.127509	0.157606	0.564339	0.150545	3
0.192367	0.415731	0.166952	0.224949	2
0.425692	0.186202	0.223087	0.165019	1
0.445408	0.160838	0.234825	0.158929	1
0.083663	0.137316	0.663799	0.115222	3
0.465556	0.166968	0.191492	0.175984	1
0.141444	0.170093	0.536656	0.151807	3
0.089591	0.384277	0.128042	0.398090	4
0.683192	0.111985	0.097751	0.107071	1
0.392113	0.208176	0.186761	0.212950	1
0.414689	0.135587	0.324283	0.125441	1
0.151519	0.309235	0.201606	0.337640	4
0.828179	0.028807	0.097894	0.045121	1
0.667898	0.077616	0.152947	0.101539	1
0.501707	0.118216	0.237157	0.142920	1
0.089823	0.075623	0.771374	0.063179	3
0.088348	0.230052	0.488654	0.192946	3
0.721999	0.066860	0.125500	0.085642	1
0.318462	0.197235	0.282472	0.201831	1
0.136006	0.367653	0.160271	0.336070	2
0.140310	0.421714	0.152708	0.285268	2
0.050882	0.120950	0.742266	0.085903	3
0.477141	0.167826	0.185752	0.169281	1
0.199494	0.374241	0.144436	0.281829	2
0.141009	0.329466	0.108171	0.421355	4
0.359838	0.263389	0.165074	0.211699	1
0.159689	0.334921	0.218331	0.287059	2
0.127763	0.356473	0.200259	0.315505	2
0.471542	0.150415	0.219648	0.158395	1
0.432493	0.235573	0.121894	0.210040	1
0.501970	0.132552	0.234113	0.131365	1
0.528965	0.121854	0.227539	0.121642	1
0.770173	0.053257	0.106558	0.070011	1
0.053573	0.118822	0.731074	0.096531	3
0.502199	0.152986	0.162348	0.182467	1
0.194676	0.151993	0.513328	0.140004	3
0.115876	0.341781	0.122176	0.420166	4
0.203330	0.269750	0.267720	0.259201	2
0.098682	0.175272	0.562105	0.163941	3
0.810275	0.037523	0.101994	0.050208	1
0.703232	0.074211	0.133262	0.089296	1
0.215895	0.351664	0.175480	0.256960	2
0.162973	0.350836	0.120230	0.365960	4
0.127464	0.378029	0.110458	0.384049	4
0.080121	0.136104	0.671014	0.112762	3
0.423839	0.113919	0.303033	0.159209	1
0.194872	0.325686	0.165081	0.314362	2
0.072737	0.106931	0.738218	0.082113	3
0.150362	0.446466	0.157242	0.245930	2
0.732995	0.065280	0.130848	0.070876	1
0.116551	0.430225	0.103373	0.349851	2
0.257512	0.184555	0.373454	0.184480	3
0.176986	0.155434	0.525412	0.142167	3
0.496795	0.134759	0.212357	0.156089	1
0.624544	0.086907	0.187900	0.100649	1
0.270546	0.277863	0.169111	0.282481	4
0.531367	0.123093	0.219571	0.125969	1
0.087272	0.436919	0.118567	0.357242	2
0.550626	0.116641	0.211719	0.121013	1
0.335325	0.207322	0.221179	0.236174	1
0.738089	0.066743	0.109126	0.086042	1
0.102789	0.398287	0.177417	0.321508	2
0.130600	0.346473	0.124808	0.398119	4
0.079773	0.419482	0.155720	0.345025	2
0.245128	0.301090	0.201016	0.252766	2
0.318606	0.166864	0.324129	0.190401	3
0.212514	0.278780	0.147686	0.361020	4
0.404081	0.218228	0.169895	0.207797	1
0.320998	0.271054	0.189533	0.218415	1
0.287668	0.241303	0.208696	0.262333	1
0.094572	0.411972	0.126763	0.366693	2
0.098555	0.430197	0.204525	0.266723	2
0.111321	0.485289	0.108009	0.295381	2
0.223934	0.274906	0.226853	0.274308	2
0.632546	0.083453	0.185864	0.098137	1
0.148228	0.117975	0.617283	0.116514	3
0.617789	0.093191	0.164530	0.124490	1
0.157736	0.432825	0.127268	0.282171	2
0.172535	0.188611	0.468731	0.170122	3
0.137188	0.121830	0.630839	0.110143	3
0.713941	0.054890	0.161876	0.069293	1
0.076559	0.066425	0.796695	0.060320	3
0.129644	0.141060	0.592502	0.136794	3
0.133182	0.124634	0.607979	0.134205	3
0.501899	0.162854	0.175620	0.159627	1
0.214846	0.235140	0.270764	0.279250	4
0.078094	0.126756	0.670293	0.124857	3
0.681152	0.074070	0.158793	0.085984	1
0.748178	0.059110	0.110235	0.082477	1
0.525710	0.103951	0.251220	0.119119	1
0.776913	0.055002	0.103816	0.064269	1
0.419520	0.200091	0.206977	0.173411	1
0.368053	0.198705	0.223487	0.209756	1
0.168767	0.143727	0.551946	0.135559	3
0.309388	0.134765	0.396250	0.159597	3
0.393469	0.144082	0.316639	0.145811	1
0.246242	0.279943	0.180030	0.293785	4
0.599830	0.118981	0.157900	0.123288	1
0.433558	0.148299	0.258993	0.159150	1
0.045470	0.177473	0.645081	0.131976	3
0.549766	0.151952	0.154857	0.143425	1
0.620852	0.104085	0.169885	0.105177	1
0.220594	0.317090	0.221555	0.240760	2
0.496587	0.126393	0.223430	0.153590	1
0.055180	0.112670	0.745329	0.086821	3
0.257384	0.300588	0.183443	0.258585	2
0.219433	0.322636	0.167015	0.290915	2
0.128760	0.327666	0.190060	0.353514	4
0.236235	0.328757	0.156362	0.278647	2
0.222372	0.316582	0.199323	0.261723	2
0.178681	0.256499	0.359088	0.205732	3
0.220635	0.251123	0.295774	0.232469	3
0.346868	0.230353	0.174461	0.248319	1
0.236270	0.348760	0.137136	0.277833	2
0.526223	0.119870	0.208799	0.145107	1
0.487517	0.169641	0.144640	0.198202	1
0.093973	0.381576	0.193891	0.330560	2
0.600142	0.102521	0.179569	0.117768	1
0.071221	0.296610	0.412392	0.219777	3
0.212734	0.219168	0.348711	0.219387	3
0.084917	0.471799	0.114677	0.328608	2
0.645953	0.103200	0.127102	0.123745	1
0.328257	0.219294	0.218536	0.233913	1
0.687264	0.067995	0.162578	0.082164	1
0.293583	0.246830	0.247033	0.212553	1
0.212353	0.246479	0.190894	0.350274	4
0.298296	0.264401	0.174673	0.262630	1
0.125887	0.115998	0.643235	0.114879	3
0.437561	0.097404	0.358170	0.106865	1
0.085132	0.129881	0.663232	0.121754	3
0.153420	0.417098	0.187931	0.241551	2
0.110202	0.181589	0.564819	0.143390	3
0.420706	0.188094	0.181334	0.209866	1
0.198880	0.274589	0.216200	0.310331	4
0.810845	0.036664	0.102140	0.050351	1
0.136617	0.428013	0.146497	0.288873	2
0.179969	0.283453	0.182541	0.354036	4
0.232710	0.119728	0.522267	0.125294	3
0.259938	0.194946	0.364308	0.180808	3
0.516669	0.122846	0.223682	0.136803	1
0.591338	0.082048	0.223534	0.103080	1
0.724843	0.042041	0.177091	0.056025	1
0.669417	0.079472	0.150129	0.100981	1
0.138051	0.364672	0.224383	0.272894	2
0.720712	0.069602	0.122884	0.086801	1
0.121772	0.152016	0.589030	0.137181	3
0.102024	0.392295	0.158572	0.347110	2
0.596069	0.101500	0.190117	0.112315	1
0.558719	0.135960	0.161480	0.143841	1
0.290970	0.326176	0.159230	0.223623	2
0.144294	0.205586	0.436585	0.213535	3
0.299246	0.230841	0.231182	0.238731	1
0.176612	0.171984	0.494189	0.157215	3
0.449058	0.196069	0.134121	0.220752	1
0.372554	0.146743	0.323943	0.156760	1
0.858942	0.022068	0.085177	0.033813	1
0.681926	0.067277	0.168447	0.082349	1
0.244669	0.184314	0.376246	0.194772	3
0.574195	0.126940	0.144884	0.153981	1
0.167081	0.114965	0.593442	0.124513	3
0.244074	0.315896	0.183591	0.256439	2
0.712463	0.056941	0.153424	0.077172	1
0.709694	0.052771	0.165079	0.072456	1
0.545167	0.119441	0.221119	0.114273	1
0.494604	0.171353	0.159845	0.174198	1
0.165230	0.289567	0.273386	0.271817	2
0.178937	0.409098	0.125300	0.286665	2
0.431571	0.139687	0.265477	0.163266	1
0.569133	0.120621	0.158189	0.152056	1
0.529595	0.135626	0.192781	0.141998	1
0.296789	0.188304	0.318032	0.196875	3
0.046380	0.059949	0.828158	0.065513	3
0.581488	0.141654	0.146417	0.130441	1
0.138663	0.178147	0.524838	0.158353	3
0.322696	0.223753	0.197603	0.255948	1
0.264059	0.162897	0.416154	0.156890	3
0.739693	0.054119	0.129977	0.076210	1
0.085818	0.285869	0.454163	0.174149	3
0.287206	0.193257	0.330643	0.188893	3
0.519419	0.056589	0.350816	0.073177	1
0.129785	0.408686	0.186229	0.275300	2
0.740454	0.064191	0.108294	0.087061	1
0.469234	0.149800	0.207797	0.173169	1
0.274202	0.323680	0.177870	0.224248	2
0.104504	0.528205	0.077408	0.289883	2
0.206250	0.327917	0.149892	0.315941	2
0.767363	0.050199	0.110418	0.072020	1
0.200856	0.156588	0.454715	0.187841	3
0.096643	0.413097	0.163986	0.326274	2
0.210514	0.258356	0.296035	0.235096	3
0.252703	0.324295	0.169263	0.253738	2
0.266809	0.265860	0.253986	0.213345	1
0.107410	0.152274	0.604078	0.136238	3
0.541615	0.157108	0.120427	0.180850	1
0.666874	0.069395	0.179338	0.084393	1
0.407911	0.206543	0.176088	0.209457	1
0.236405	0.328831	0.198696	0.236068	2
0.612387	0.085810	0.203084	0.098718	1
0.550961	0.139022	0.146655	0.163362	1
0.686772	0.075790	0.157118	0.080319	1
0.087534	0.411032	0.172927	0.328507	2
0.546410	0.160694	0.141102	0.151793	1
0.490701	0.131003	0.234855	0.143440	1
0.108262	0.409502	0.185981	0.296255	2
0.676098	0.068679	0.171028	0.084194	1
0.127679	0.089305	0.676776	0.106240	3
0.063644	0.125560	0.713483	0.097314	3
0.172745	0.168380	0.506918	0.151957	3
0.280867	0.223843	0.301574	0.193715	3
0.213579	0.179556	0.437843	0.169021	3
0.611627	0.114423	0.143871	0.130079	1
0.776569	0.049606	0.112067	0.061758	1
0.179259	0.357477	0.229550	0.233714	2
0.180933	0.372907	0.144091	0.302070	2
0.403278	0.175669	0.237679	0.183375	1
0.096249	0.507407	0.100256	0.296088	2
0.484947	0.140772	0.222050	0.152230	1
0.225359	0.351476	0.173852	0.249313	2
0.563492	0.098031	0.229095	0.109382	1
0.165763	0.134588	0.567042	0.132608	3
0.525753	0.152558	0.149835	0.171854	1
0.286499	0.218906	0.295763	0.198833	3
0.479671	0.169928	0.162779	0.187623	1
0.181503	0.195799	0.452696	0.170002	3
0.589336	0.089070	0.215162	0.106432	1
0.452430	0.173189	0.194873	0.179509	1
0.124052	0.402262	0.148163	0.325523	2
0.558660	0.127257	0.189075	0.125009	1
0.181652	0.454113	0.132360	0.231876	2
0.377722	0.164701	0.288597	0.168980	1
0.159246	0.366976	0.155207	0.318571	2
0.124093	0.119645	0.638407	0.117855	3
0.839007	0.031687	0.089285	0.040021	1
0.065264	0.358048	0.316054	0.260634	2
0.101470	0.348640	0.153159	0.396732	4
0.192384	0.131670	0.554604	0.121343	3
0.630423	0.076684	0.192895	0.099998	1
0.290349	0.158485	0.397093	0.154072	3
0.359350	0.139970	0.341981	0.158700	1
0.098943	0.383839	0.101679	0.415538	4
0.416360	0.174782	0.222447	0.186411	1
0.253571	0.370598	0.151082	0.224749	2
0.404739	0.244972	0.158255	0.192034	1
0.177871	0.352258	0.183991	0.285880	2
0.596951	0.102098	0.194374	0.106576	1
0.484622	0.099804	0.309647	0.105926	1
0.081951	0.150024	0.646849	0.121176	3
0.075983	0.117989	0.694691	0.111336	3
0.397165	0.203215	0.213224	0.186396	1
0.301364	0.182420	0.341526	0.174689	3
0.085358	0.499479	0.089269	0.325894	2
0.581066	0.098659	0.199889	0.120386	1
0.230225	0.230065	0.343258	0.196451	3
0.250360	0.253059	0.219833	0.276748	4
0.121981	0.105558	0.684642	0.087819	3
0.697281	0.073074	0.145394	0.084250	1
0.514756	0.158663	0.181093	0.145487	1
0.498770	0.129083	0.231927	0.140221	1
0.097465	0.324524	0.223597	0.354414	4
0.634552	0.098369	0.160169	0.106910	1
0.415867	0.172729	0.259620	0.151784	1
0.089795	0.407590	0.087218	0.415397	4
0.167600	0.296904	0.244281	0.291214	2
0.183495	0.347776	0.172801	0.295928	2
0.129835	0.399470	0.122857	0.347839	2
0.365638	0.142035	0.353534	0.138793	1
0.340460	0.183655	0.280564	0.195322	1
0.331056	0.292925	0.132631	0.243388	1
0.095431	0.102567	0.718119	0.083883	3
0.142031	0.374269	0.253798	0.229903	2
0.124542	0.366258	0.183694	0.325506	2
0.703208	0.089362	0.122099	0.085331	1
0.688722	0.092877	0.116566	0.101835	1
0.476883	0.143399	0.233377	0.146341	1
0.127598	0.531925	0.095065	0.245413	2
0.181523	0.231983	0.344879	0.241614	3
0.437209	0.163487	0.217192	0.182113	1
0.631273	0.124324	0.118268	0.126136	1
0.169426	0.321142	0.201305	0.308126	2
0.484997	0.135923	0.237791	0.141288	1
0.481837	0.149934	0.206805	0.161425	1
0.123446	0.154324	0.587144	0.135086	3
0.110267	0.380355	0.257176	0.252203	2
0.052334	0.085143	0.791351	0.071173	3
0.520899	0.132279	0.207595	0.139227	1
0.331495	0.243279	0.208579	0.216648	1
0.372248	0.219887	0.184825	0.223040	1
0.173755	0.342641	0.159649	0.323955	2
0.213305	0.362131	0.181646	0.242918	2
0.438594	0.211478	0.145156	0.204773	1
0.102856	0.368428	0.093823	0.434893	4
0.065440	0.148243	0.655375	0.130942	3
0.477805	0.148846	0.200009	0.173340	1
0.428919	0.143222	0.241883	0.185976	1
0.082327	0.099332	0.729015	0.089325	3
0.095859	0.180243	0.537844	0.186054	3
0.125026	0.284812	0.357958	0.232204	3
0.110812	0.394145	0.169081	0.325962	2
0.485920	0.151644	0.163096	0.199339	1
0.566125	0.118795	0.196753	0.118327	1
0.070996	0.199424	0.566363	0.163218	3
0.115009	0.390242	0.183334	0.311415	2
0.085941	0.169475	0.612765	0.131819	3
0.084030	0.340229	0.241570	0.334171	2
0.069318	0.470472	0.106945	0.353266	2
0.079598	0.383210	0.219351	0.317841	2
0.143177	0.395467	0.169547	0.291809	2
0.620550	0.112061	0.146226	0.121163	1
0.260089	0.171596	0.413897	0.154419	3
0.180300	0.385319	0.138306	0.296075	2
0.440627	0.129170	0.272006	0.158198	1
0.166967	0.392747	0.118290	0.321996	2
0.239542	0.371477	0.172087	0.216894	2
0.524477	0.095622	0.269707	0.110194	1
0.156781	0.093888	0.665574	0.083757	3
0.121850	0.479481	0.129666	0.269003	2
0.408615	0.128623	0.326282	0.136480	1
0.363276	0.121380	0.381188	0.134155	3
0.115049	0.494495	0.101992	0.288464	2
0.181147	0.432906	0.128732	0.257215	2
0.079285	0.320534	0.111714	0.488466	4
0.078430	0.398524	0.105732	0.417314	4
0.426496	0.164466	0.216093	0.192945	1
0.212502	0.365488	0.151755	0.270255	2
0.203783	0.412131	0.123437	0.260649	2
0.376441	0.140797	0.324076	0.158685	1
0.211853	0.139516	0.509905	0.138726	3
0.074705	0.489587	0.170561	0.265146	2
0.095174	0.463974	0.144018	0.296834	2
0.069943	0.097309	0.751561	0.081187	3
0.232794	0.212347	0.367131	0.187728	3
0.094068	0.169565	0.605598	0.130769	3
0.101496	0.413221	0.220098	0.265186	2
0.185163	0.313007	0.136093	0.365737	4
0.317111	0.232152	0.241871	0.208866	1
0.578108	0.130180	0.156925	0.134787	1
0.627829	0.082816	0.187086	0.102270	1
0.181455	0.168106	0.497005	0.153435	3
0.117538	0.349129	0.154593	0.378740	4
0.234387	0.345384	0.129881	0.290347	2
0.120395	0.510707	0.099612	0.269286	2
0.069315	0.076785	0.782782	0.071118	3
0.084328	0.108326	0.713142	0.094205	3
0.349648	0.199400	0.233552	0.217400	1
0.149863	0.348507	0.112206	0.389425	4
0.537531	0.068545	0.316405	0.077518	1
0.585208	0.111592	0.177244	0.125955	1
0.280592	0.120480	0.482439	0.116488	3
0.075181	0.120688	0.703844	0.100288	3
0.279407	0.298511	0.165694	0.256387	2
0.347120	0.111350	0.405831	0.135699	3
0.149631	0.387497	0.209718	0.253154	2
0.647598	0.093063	0.154927	0.104411	1
0.411927	0.073363	0.427150	0.087560	3
0.628844	0.087595	0.179548	0.104012	1
0.500642	0.158431	0.191008	0.149918	1
0.315627	0.226695	0.247680	0.209998	1
0.463120	0.175158	0.169601	0.192122	1
0.578196	0.100088	0.215076	0.106640	1
0.129724	0.317377	0.332002	0.220897	3
0.498310	0.131266	0.230916	0.139508	1
0.638925	0.086122	0.174787	0.100165	1
0.571589	0.113008	0.167548	0.147855	1
0.052246	0.080618	0.809052	0.058084	3
0.066238	0.571314	0.071254	0.291194	2
0.513176	0.075978	0.317779	0.093068	1
0.178359	0.372431	0.166019	0.283191	2
0.134402	0.284731	0.394539	0.186329	3
0.325504	0.264740	0.134975	0.274781	1
0.393300	0.192193	0.224942	0.189566	1
0.159250	0.389990	0.152364	0.298396	2
0.102197	0.454408	0.131835	0.311560	2
0.065254	0.086594	0.778794	0.069357	3
0.454968	0.126012	0.278399	0.140621	1
0.118891	0.405202	0.137098	0.338808	2
0.689416	0.087011	0.126411	0.097161	1
0.048304	0.118333	0.729391	0.103973	3
0.057217	0.285540	0.464808	0.192436	3
0.536236	0.104616	0.236984	0.122163	1
0.093807	0.497361	0.108054	0.300778	2
0.342676	0.258552	0.194528	0.204245	1
0.306320	0.185675	0.312298	0.195708	3
0.377591	0.117162	0.395706	0.109541	3
0.558365	0.137738	0.142376	0.161521	1
0.149600	0.401772	0.149941	0.298686	2
0.559627	0.129350	0.176756	0.134268	1
0.617790	0.116387	0.127722	0.138101	1
0.196388	0.324450	0.211712	0.267450	2
0.115311	0.344232	0.322131	0.218326	2
0.085879	0.468097	0.125188	0.320837	2
0.329673	0.243471	0.175423	0.251434	1
0.356830	0.200119	0.236400	0.206651	1
0.566048	0.130103	0.150647	0.153202	1
0.102303	0.109019	0.711156	0.077522	3
0.584724	0.113021	0.188390	0.113865	1
0.134836	0.374753	0.233174	0.257237	2
0.643219	0.083895	0.177121	0.095765	1
0.096507	0.092851	0.721250	0.089393	3
0.497785	0.150637	0.199966	0.151613	1
0.435498	0.125427	0.290837	0.148238	1
0.132023	0.414859	0.096409	0.356709	2
0.165344	0.411323	0.158968	0.264365	2
0.100659	0.424281	0.159808	0.315251	2
0.295632	0.251758	0.165460	0.287150	1
0.328146	0.185651	0.301581	0.184622	1
0.122168	0.139822	0.616536	0.121474	3
0.163362	0.348461	0.172582	0.315594	2
0.384427	0.175349	0.260875	0.179349	1
0.134431	0.339535	0.209211	0.316823	2
0.099314	0.100601	0.702336	0.097748	3
0.065137	0.538332	0.078450	0.318081	2
0.437635	0.151677	0.221292	0.189395	1
0.442881	0.141190	0.280499	0.135430	1
0.362799	0.188601	0.270873	0.177727	1
0.141979	0.339069	0.186208	0.332743	2
0.690994	0.073067	0.157382	0.078557	1
0.280059	0.161941	0.382894	0.175105	3
0.150756	0.456963	0.106587	0.285694	2
0.254690	0.305371	0.183873	0.256066	2
0.111627	0.221655	0.448979	0.217739	3
0.328635	0.147576	0.385809	0.137979	3
0.202750	0.312184	0.211768	0.273298	2
0.257587	0.159612	0.419918	0.162883	3
0.346479	0.244063	0.182584	0.226875	1
0.246668	0.379301	0.129067	0.244964	2
0.195033	0.284736	0.220618	0.299612	4
0.476659	0.088316	0.334475	0.100550	1
0.259783	0.182838	0.364857	0.192522	3
0.083008	0.143318	0.660828	0.112845	3
0.197527	0.380607	0.134825	0.287042	2
0.365252	0.144747	0.343526	0.146475	1
0.146227	0.335429	0.202811	0.315533	2
0.095831	0.447832	0.194639	0.261697	2
0.382410	0.152377	0.284267	0.180947	1
0.214360	0.160174	0.448772	0.176694	3
0.141217	0.458100	0.124748	0.275935	2
0.197489	0.247729	0.213502	0.341280	4
0.641995	0.108605	0.141208	0.108192	1
0.122354	0.357067	0.143441	0.377138	4
0.255489	0.289506	0.171533	0.283472	2
0.090862	0.229126	0.449993	0.230018	3
0.091722	0.108816	0.702309	0.097153	3
0.076078	0.499834	0.136702	0.287386	2
0.457242	0.154432	0.239588	0.148738	1
0.738482	0.065705	0.126649	0.069164	1
0.093278	0.458617	0.138489	0.309616	2
0.103812	0.155784	0.605212	0.135192	3
0.042770	0.104720	0.773140	0.079369	3
0.632973	0.105212	0.149003	0.112813	1
0.120996	0.353950	0.225768	0.299286	2
0.620336	0.087000	0.179497	0.113167	1
0.177340	0.377550	0.173364	0.271746	2
0.095808	0.216920	0.498115	0.189157	3
0.158286	0.166966	0.538835	0.135913	3
0.689384	0.066313	0.166620	0.077684	1
0.437554	0.136990	0.284004	0.141451	1
0.242415	0.121560	0.505596	0.130429	3
0.214532	0.285200	0.221470	0.278799	2
0.216264	0.237868	0.292439	0.253430	3
0.097982	0.156731	0.606988	0.138299	3
0.089049	0.338483	0.387105	0.185363	3
0.056082	0.183989	0.622584	0.137345	3
0.454678	0.131292	0.261503	0.152526	1
0.159100	0.334094	0.104110	0.402696	4
0.715216	0.060278	0.150655	0.073851	1
0.246896	0.211734	0.346791	0.194579	3
0.497650	0.104254	0.257195	0.140900	1
0.133222	0.319370	0.252502	0.294907	2
0.196549	0.371184	0.154639	0.277627	2
0.383626	0.200062	0.190422	0.225890	1
0.082566	0.121971	0.664512	0.130951	3
0.089192	0.455061	0.217800	0.237947	2
0.273052	0.259606	0.179499	0.287843	4
0.164058	0.182430	0.464057	0.189455	3
0.509327	0.104301	0.279537	0.106835	1
0.529783	0.152397	0.124604	0.193216	1
0.680342	0.073317	0.161243	0.085098	1
0.563315	0.121287	0.171099	0.144298	1
0.415780	0.142267	0.281958	0.159995	1
0.145844	0.383439	0.169528	0.301189	2
0.102710	0.151433	0.613289	0.132568	3
0.470247	0.099904	0.319908	0.109940	1
0.088412	0.171737	0.592864	0.146987	3
0.119237	0.337476	0.105790	0.437496	4
0.103283	0.177593	0.575947	0.143176	3
0.604101	0.104416	0.181370	0.110113	1
0.334973	0.198662	0.241193	0.225172	1
0.145108	0.430431	0.120867	0.303593	2
0.076254	0.360773	0.308281	0.254691	2
0.607811	0.103231	0.166187	0.122772	1
0.119763	0.359736	0.114771	0.405730	4
0.092832	0.475716	0.135430	0.296022	2
0.131356	0.432716	0.122283	0.313644	2
0.115775	0.196621	0.525590	0.162015	3
0.437772	0.161077	0.244369	0.156781	1
0.188978	0.160278	0.472497	0.178247	3
0.191819	0.323637	0.150823	0.333721	4
0.029002	0.057728	0.864248	0.049023	3
0.093106	0.423699	0.113025	0.370170	2
0.141363	0.156888	0.562273	0.139476	3
0.099820	0.130897	0.645902	0.123382	3
0.675830	0.076714	0.154238	0.093219	1
0.175126	0.364312	0.160862	0.299701	2
0.475149	0.210178	0.101911	0.212763	1
0.509116	0.180668	0.134274	0.175942	1
0.110807	0.241194	0.472852	0.175148	3
0.111579	0.145199	0.627021	0.116200	3
0.525016	0.131188	0.202890	0.140906	1
0.113303	0.351220	0.314649	0.220829	2
0.615549	0.097446	0.182583	0.104422	1
0.190849	0.335120	0.141151	0.332880	2
0.194315	0.396866	0.166729	0.242090	2
0.315093	0.189739	0.336520	0.158648	3
0.190307	0.112695	0.588428	0.108570	3
0.449504	0.151347	0.245488	0.153661	1
0.359105	0.229461	0.178012	0.233421	1
0.066306	0.284947	0.464746	0.184000	3
0.148053	0.326826	0.234410	0.290711	2
0.343400	0.178086	0.315134	0.163380	1
0.126917	0.472762	0.104922	0.295399	2
0.188355	0.337275	0.257639	0.216732	2
0.261153	0.332970	0.198962	0.206915	2
0.419141	0.220526	0.142909	0.217425	1
0.125981	0.356701	0.218309	0.299009	2
0.616150	0.102680	0.162277	0.118893	1
0.568923	0.138826	0.138135	0.154116	1
0.236389	0.203195	0.353139	0.207277	3
0.120864	0.396266	0.240357	0.242512	2
0.520317	0.135453	0.203375	0.140854	1
0.419019	0.200609	0.190839	0.189533	1
0.090909	0.094938	0.731799	0.082353	3
0.858012	0.018143	0.091960	0.031886	1
0.197119	0.258497	0.307080	0.237304	3
0.513943	0.106329	0.266287	0.113441	1
0.108683	0.301419	0.146714	0.443184	4
0.121435	0.351207	0.164623	0.362736	4
0.117000	0.355213	0.096586	0.431201	4
0.240317	0.334723	0.204077	0.220883	2
0.436581	0.182940	0.198454	0.182026	1
0.381273	0.175253	0.259879	0.183595	1
0.648079	0.100846	0.134203	0.116872	1
0.320866	0.191856	0.312380	0.174899	1
0.582468	0.125702	0.165550	0.126279	1
0.637087	0.076460	0.192594	0.093859	1
0.815155	0.027242	0.117470	0.040133	1
0.132399	0.395534	0.116169	0.355897	2
0.143768	0.326863	0.158533	0.370836	4
0.114382	0.441339	0.097598	0.346681	2
0.141316	0.182245	0.506273	0.170166	3
0.111049	0.390149	0.230620	0.268182	2
0.195923	0.284136	0.255405	0.264536	2
0.280909	0.243972	0.243061	0.232057	1
0.217221	0.204064	0.394031	0.184683	3
0.086251	0.350601	0.154113	0.409035	4
0.068741	0.476248	0.164681	0.290330	2
0.126973	0.414686	0.158222	0.300119	2
0.490615	0.130450	0.210911	0.168024	1
0.119002	0.092502	0.694085	0.094412	3
0.249500	0.308850	0.153184	0.288467	2
0.165979	0.113435	0.606509	0.114077	3
0.232683	0.256108	0.212405	0.298804	4
0.633213	0.090741	0.174010	0.102037	1
0.478681	0.117595	0.275003	0.128721	1
0.744503	0.055778	0.133694	0.066025	1
0.119778	0.511613	0.146876	0.221733	2
0.518799	0.123270	0.204024	0.153907	1
0.156445	0.159844	0.517024	0.166686	3
0.377593	0.218891	0.172475	0.231041	1
0.458978	0.180719	0.135708	0.224595	1
0.510153	0.137896	0.192453	0.159498	1
0.603327	0.099756	0.161206	0.135712	1
0.046632	0.126866	0.724704	0.101797	3
0.596249	0.101421	0.177994	0.124336	1
0.167474	0.302670	0.160025	0.369831	4
0.391792	0.182093	0.232880	0.193234	1
0.133837	0.483825	0.098383	0.283954	2
0.337387	0.155282	0.338183	0.169149	3
0.072205	0.103572	0.745037	0.079185	3
0.176047	0.325414	0.187732	0.310807	2
0.100884	0.444586	0.126414	0.328116	2
0.124802	0.399315	0.092494	0.383389	2
0.176350	0.368405	0.149788	0.305457	2
0.476479	0.124116	0.261183	0.138221	1
0.628867	0.090779	0.176526	0.103829	1
0.069317	0.115619	0.731372	0.083693	3
0.118161	0.189780	0.548255	0.143804	3
0.067962	0.177313	0.625574	0.129151	3
0.110642	0.367156	0.227451	0.294751	2
0.646218	0.082818	0.173814	0.097150	1
0.215064	0.123284	0.511407	0.150245	3
0.197651	0.318255	0.177686	0.306408	2
0.417561	0.125468	0.277141	0.179830	1
0.060959	0.562027	0.070606	0.306408	2
0.358919	0.125593	0.372563	0.142925	3
0.469061	0.142698	0.216586	0.171656	1
0.513037	0.095726	0.278920	0.112317	1
0.255070	0.299238	0.138415	0.307276	4
0.685232	0.076423	0.146199	0.092146	1
0.153385	0.121929	0.604403	0.120283	3
0.120723	0.229916	0.449819	0.199541	3
0.133209	0.302140	0.183937	0.380714	4
0.292690	0.200983	0.309674	0.196653	3
0.249631	0.187525	0.377951	0.184894	3
0.052553	0.072935	0.821818	0.052694	3
0.378555	0.178736	0.270353	0.172355	1
0.108210	0.451526	0.116061	0.324203	2
0.108147	0.425416	0.108399	0.358038	2
0.131057	0.318823	0.180642	0.369479	4
0.429873	0.168218	0.224314	0.177595	1
0.461064	0.115697	0.287814	0.135425	1
0.318016	0.248478	0.218511	0.214996	1
0.416698	0.133061	0.301475	0.148766	1
0.154592	0.345481	0.166589	0.333337	2
0.143379	0.271436	0.412827	0.172358	3
0.416700	0.192536	0.199732	0.191033	1
0.182593	0.396102	0.152782	0.268524	2
0.160002	0.207450	0.457534	0.175014	3
0.467215	0.192021	0.144671	0.196093	1
0.665259	0.086370	0.154061	0.094310	1
0.220915	0.263943	0.218189	0.296953	4
0.083810	0.384350	0.178008	0.353832	2
0.380119	0.197633	0.184436	0.237812	1
0.619389	0.101492	0.168413	0.110706	1
0.086742	0.304635	0.380960	0.227663	3
0.237806	0.357317	0.207165	0.197712	2
0.169170	0.336846	0.139500	0.354484	4
0.174022	0.332409	0.173149	0.320420	2
0.091880	0.426193	0.128034	0.353893	2
0.393201	0.218273	0.166181	0.222345	1
0.473644	0.134527	0.241056	0.150774	1
0.078126	0.164846	0.593344	0.163684	3
0.121935	0.177495	0.520785	0.179785	3
0.261287	0.197472	0.327480	0.213761	3
0.154179	0.358545	0.167871	0.319405	2
0.062945	0.133197	0.693711	0.110147	3
0.512493	0.121489	0.226908	0.139110	1
0.236349	0.199003	0.341608	0.223041	3
0.111861	0.400287	0.105900	0.381951	2
0.197672	0.375801	0.199886	0.226641	2
0.355184	0.161405	0.325116	0.158295	1
0.113188	0.369532	0.170928	0.346352	2
0.248342	0.380870	0.128195	0.242594	2
0.686734	0.092331	0.116068	0.104867	1
0.063996	0.103835	0.748263	0.083906	3
0.595489	0.094259	0.200251	0.110000	1
0.304426	0.125269	0.428450	0.141855	3
0.043212	0.094916	0.788496	0.073376	3
0.438296	0.127805	0.306421	0.127477	1
0.170430	0.406528	0.163233	0.259808	2
0.521542	0.110525	0.239692	0.128240	1
0.203242	0.190634	0.410043	0.196080	3
0.352352	0.167512	0.318221	0.161915	1
0.177725	0.414450	0.134332	0.273493	2
0.496328	0.099367	0.303932	0.100374	1
0.438602	0.152480	0.219092	0.189826	1
0.541699	0.149175	0.177948	0.131178	1
0.531470	0.123254	0.218522	0.126755	1
0.085476	0.461485	0.127856	0.325183	2
0.156863	0.351724	0.184659	0.306753	2
0.382163	0.141321	0.331208	0.145308	1
0.113425	0.437588	0.208409	0.240578	2
0.570985	0.083855	0.240049	0.105112	1
0.101980	0.321075	0.241051	0.335894	4
0.094056	0.178384	0.604050	0.123509	3
0.241286	0.257795	0.178138	0.322781	4
0.336204	0.233045	0.183269	0.247482	1
0.533795	0.138812	0.196193	0.131200	1
0.416746	0.223696	0.164395	0.195163	1
0.364721	0.165889	0.249079	0.220311	1
0.102907	0.454075	0.190428	0.252590	2
0.050909	0.517100	0.085425	0.346566	2
0.331899	0.092151	0.473741	0.102209	3
0.411720	0.174427	0.229922	0.183930	1
0.103943	0.212422	0.492437	0.191198	3
0.140940	0.166378	0.550080	0.142602	3
0.167531	0.177800	0.494306	0.160362	3
