0.000389	0.808215	0.007096	0.184300	2
0.000000	0.000038	0.999917	0.000045	3
0.000054	0.000026	0.999615	0.000304	3
0.957302	0.000002	0.042616	0.000081	1
0.167752	0.000126	0.831095	0.001027	3
0.000434	0.677851	0.137532	0.184183	2
0.000062	0.000357	0.999002	0.000579	3
0.002114	0.113540	0.009405	0.874941	4
0.000086	0.000078	0.999774	0.000062	3
0.004086	0.921861	0.001957	0.072097	2
0.932828	0.000038	0.066799	0.000335	1
0.110940	0.658832	0.015916	0.214313	2
0.999796	0.000051	0.000048	0.000105	1
0.996902	0.000043	0.002688	0.000367	1
0.157592	0.623746	0.167125	0.051537	2
0.000005	0.000034	0.999942	0.000019	3
0.003413	0.021608	0.172508	0.802471	4
0.009763	0.109109	0.036292	0.844835	4
0.000042	0.000020	0.999810	0.000128	3
0.967169	0.000012	0.032495	0.000324	1
0.976055	0.009547	0.005433	0.008964	1
0.976964	0.000139	0.022803	0.000093	1
0.000242	0.994174	0.000566	0.005017	2
0.000073	0.000797	0.998763	0.000368	3
0.995917	0.000012	0.003867	0.000204	1
0.000007	0.000202	0.999500	0.000291	3
0.000190	0.960233	0.004299	0.035279	2
0.973149	0.001802	0.024248	0.000801	1
0.012938	0.002301	0.977470	0.007292	3
0.000024	0.990657	0.000220	0.009100	2
0.000852	0.000108	0.998961	0.000078	3
0.000003	0.000551	0.999208	0.000238	3
0.032944	0.216972	0.148502	0.601582	4
0.999148	0.000008	0.000765	0.000079	1
0.000307	0.539295	0.011713	0.448686	2
0.000262	0.000885	0.996726	0.002127	3
0.991288	0.000551	0.001445	0.006716	1
0.000116	0.915837	0.000542	0.083505	2
0.997464	0.000038	0.002306	0.000191	1
0.218463	0.110462	0.555012	0.116063	3
0.961229	0.002433	0.026216	0.010122	1
0.967207	0.003582	0.005464	0.023747	1
0.972422	0.000266	0.020993	0.006320	1
0.000095	0.970633	0.000079	0.029193	2
0.000023	0.996370	0.000119	0.003488	2
0.000817	0.000002	0.999173	0.000008	3
0.000036	0.000591	0.998123	0.001250	3
0.905347	0.000040	0.093259	0.001354	1
0.000144	0.045000	0.946133	0.008723	3
0.953991	0.001061	0.008683	0.036264	1
0.992171	0.000004	0.007760	0.000064	1
0.006830	0.082999	0.004653	0.905518	4
0.937641	0.000300	0.043567	0.018492	1
0.000310	0.943687	0.000209	0.055795	2
0.007591	0.007606	0.947415	0.037389	3
0.000377	0.955548	0.004081	0.039994	2
0.002280	0.081515	0.719559	0.196647	3
0.034311	0.920992	0.000562	0.044135	2
0.000002	0.000008	0.999984	0.000007	3
0.005448	0.099807	0.009828	0.884917	4
0.140687	0.005830	0.814654	0.038829	3
0.032393	0.000102	0.967210	0.000295	3
0.007531	0.771184	0.000083	0.221202	2
0.845144	0.006352	0.033300	0.115205	1
0.998237	0.000005	0.001556	0.000203	1
0.802850	0.001037	0.192759	0.003354	1
0.130741	0.241080	0.002713	0.625467	4
0.001346	0.055792	0.940097	0.002765	3
0.967431	0.000852	0.026216	0.005501	1
0.987092	0.000282	0.006789	0.005836	1
0.001856	0.000588	0.996889	0.000667	3
0.219664	0.009524	0.744300	0.026512	3
0.487872	0.002342	0.500726	0.009060	3
0.000865	0.913874	0.000035	0.085226	2
0.999521	0.000003	0.000447	0.000029	1
0.000115	0.000242	0.999353	0.000290	3
0.000339	0.412852	0.089585	0.497224	4
0.999026	0.000000	0.000947	0.000026	1
0.027418	0.867857	0.041873	0.062852	2
0.001490	0.949459	0.001910	0.047140	2
0.000184	0.000240	0.999273	0.000303	3
0.998793	0.000044	0.000980	0.000182	1
0.997439	0.000036	0.002408	0.000117	1
0.489995	0.000261	0.193299	0.316445	1
0.999982	0.000000	0.000007	0.000011	1
0.012669	0.126575	0.003407	0.857349	4
0.000027	0.992081	0.000008	0.007884	2
0.000109	0.003253	0.995261	0.001377	3
0.003849	0.040475	0.929611	0.026064	3
0.995997	0.000003	0.003281	0.000719	1
0.960216	0.012618	0.004428	0.022738	1
0.974996	0.000106	0.024255	0.000643	1
0.007924	0.889659	0.000686	0.101731	2
0.337693	0.028720	0.023810	0.609776	4
0.000051	0.000004	0.999913	0.000032	3
0.003995	0.000343	0.994422	0.001240	3
0.000012	0.978710	0.000085	0.021194	2
0.000002	0.000046	0.999693	0.000259	3
0.000093	0.939450	0.008962	0.051495	2
0.946282	0.000012	0.053623	0.000083	1
0.000003	0.000057	0.999914	0.000025	3
0.000062	0.900432	0.082682	0.016825	2
0.929396	0.000324	0.050617	0.019664	1
0.028412	0.014761	0.951141	0.005686	3
0.000130	0.303163	0.000811	0.695895	4
0.000308	0.958057	0.000398	0.041237	2
0.000014	0.928051	0.000037	0.071898	2
0.000040	0.000478	0.999455	0.000027	3
0.000157	0.000554	0.998730	0.000559	3
0.988222	0.000002	0.011688	0.000087	1
0.000821	0.001163	0.997134	0.000882	3
0.000394	0.000009	0.999552	0.000046	3
0.619410	0.000261	0.379298	0.001031	1
0.975664	0.000751	0.019666	0.003920	1
0.001026	0.734736	0.000791	0.263446	2
0.000066	0.995359	0.000005	0.004569	2
0.000000	0.000002	0.999988	0.000010	3
0.775309	0.009469	0.157104	0.058117	1
0.001443	0.890854	0.001164	0.106539	2
0.831698	0.038198	0.124519	0.005585	1
0.019168	0.388896	0.003092	0.588844	4
0.000067	0.000656	0.999070	0.000207	3
0.000030	0.000035	0.999734	0.000201	3
0.964490	0.001964	0.032454	0.001092	1
0.000005	0.000531	0.998716	0.000748	3
0.019770	0.900751	0.007910	0.071569	2
0.998965	0.000002	0.001022	0.000011	1
0.997827	0.000028	0.001466	0.000679	1
0.999062	0.000006	0.000748	0.000184	1
0.011049	0.684131	0.017816	0.287004	2
0.000137	0.993278	0.000021	0.006563	2
0.000023	0.000245	0.998374	0.001358	3
0.001704	0.000050	0.998153	0.000093	3
0.021611	0.717256	0.007299	0.253834	2
0.000004	0.000161	0.999717	0.000118	3
0.000280	0.004241	0.955653	0.039826	3
0.130369	0.000276	0.859107	0.010248	3
0.000066	0.996745	0.000309	0.002879	2
0.005620	0.981948	0.001837	0.010595	2
0.136966	0.617353	0.211598	0.034083	2
0.003493	0.285796	0.050464	0.660247	4
0.000151	0.001932	0.983494	0.014422	3
0.000168	0.954279	0.002075	0.043478	2
0.001246	0.355859	0.004831	0.638065	4
0.000580	0.936821	0.031297	0.031301	2
0.000088	0.000010	0.999895	0.000007	3
0.000678	0.732819	0.009711	0.256793	2
0.000182	0.953310	0.000642	0.045865	2
0.000004	0.002448	0.997361	0.000187	3
0.000037	0.000322	0.999506	0.000135	3
0.997646	0.000006	0.002277	0.000071	1
0.291204	0.522553	0.042137	0.144106	2
0.000125	0.942379	0.000138	0.057357	2
0.070319	0.820245	0.078905	0.030531	2
0.929711	0.000270	0.068331	0.001689	1
0.000112	0.974654	0.000074	0.025160	2
0.570988	0.000127	0.427364	0.001521	1
0.000032	0.000128	0.999782	0.000058	3
0.001490	0.945471	0.000342	0.052697	2
0.000173	0.859657	0.000360	0.139811	2
0.083169	0.000005	0.916742	0.000084	3
0.000020	0.000001	0.999970	0.000009	3
0.007146	0.335091	0.001767	0.655996	4
0.949160	0.000003	0.050707	0.000130	1
0.000005	0.000151	0.999781	0.000063	3
0.000484	0.027124	0.000541	0.971850	4
0.000251	0.735971	0.000794	0.262985	2
0.859785	0.003470	0.123207	0.013538	1
0.999409	0.000037	0.000284	0.000270	1
0.997859	0.000266	0.001594	0.000280	1
0.000004	0.998289	0.000028	0.001679	2
0.999186	0.000004	0.000743	0.000066	1
0.025456	0.000287	0.973240	0.001017	3
0.000332	0.410083	0.022671	0.566914	4
0.022081	0.060779	0.014921	0.902219	4
0.000003	0.000104	0.999861	0.000032	3
0.000118	0.006655	0.984561	0.008666	3
0.000668	0.616958	0.032765	0.349609	2
0.000049	0.000171	0.999709	0.000072	3
0.863375	0.005655	0.058745	0.072225	1
0.997446	0.000006	0.002527	0.000021	1
0.973315	0.001907	0.016626	0.008152	1
0.991767	0.000003	0.008201	0.000029	1
0.002444	0.767964	0.027409	0.202183	2
0.001837	0.000818	0.985997	0.011348	3
0.002034	0.337967	0.037338	0.622661	4
0.993361	0.000023	0.006523	0.000092	1
0.992508	0.004318	0.001802	0.001372	1
0.001546	0.827987	0.008977	0.161491	2
0.001134	0.942020	0.000051	0.056795	2
0.998855	0.000003	0.001037	0.000105	1
0.010158	0.001715	0.985060	0.003068	3
0.005316	0.006189	0.984429	0.004066	3
0.984795	0.005380	0.004319	0.005506	1
0.118150	0.396748	0.006086	0.479016	4
0.000073	0.000447	0.998164	0.001316	3
0.999125	0.000022	0.000495	0.000357	1
0.000039	0.000220	0.998463	0.001278	3
0.000392	0.014137	0.955534	0.029937	3
0.996906	0.000239	0.000657	0.002197	1
0.000064	0.818414	0.001080	0.180442	2
0.023720	0.056855	0.000977	0.918448	4
0.000773	0.000062	0.998744	0.000421	3
0.997874	0.000003	0.002106	0.000018	1
0.995024	0.000011	0.001935	0.003029	1
0.000437	0.946884	0.007071	0.045608	2
0.006326	0.971636	0.001996	0.020041	2
0.002826	0.000009	0.997140	0.000026	3
0.992919	0.000049	0.006540	0.000492	1
0.955701	0.000105	0.041815	0.002379	1
0.000082	0.000438	0.998532	0.000948	3
0.000424	0.036112	0.007672	0.955792	4
0.000037	0.000190	0.999653	0.000120	3
0.055685	0.000033	0.942517	0.001765	3
0.932701	0.001670	0.053656	0.011973	1
0.978200	0.000827	0.017929	0.003044	1
0.000123	0.000482	0.996880	0.002515	3
0.998118	0.000026	0.001786	0.000070	1
0.000586	0.000296	0.998779	0.000338	3
0.000528	0.928082	0.002602	0.068788	2
0.000177	0.896940	0.000676	0.102207	2
0.008803	0.247854	0.151829	0.591514	4
0.000265	0.000175	0.999399	0.000161	3
0.013220	0.091457	0.839332	0.055990	3
0.994275	0.000001	0.005702	0.000022	1
0.806335	0.001523	0.164170	0.027972	1
0.000461	0.615060	0.004292	0.380187	2
0.004057	0.202150	0.011470	0.782323	4
0.999898	0.000002	0.000074	0.000026	1
0.240405	0.284403	0.001915	0.473278	4
0.001786	0.034051	0.003870	0.960292	4
0.001365	0.914078	0.000560	0.083997	2
0.992543	0.000681	0.001464	0.005312	1
0.000275	0.960444	0.004159	0.035122	2
0.003206	0.001099	0.995595	0.000100	3
0.000000	0.000068	0.999921	0.000011	3
0.003445	0.011424	0.970567	0.014564	3
0.998987	0.000004	0.000915	0.000094	1
0.000395	0.001072	0.997218	0.001315	3
0.015976	0.025954	0.000164	0.957906	4
0.066441	0.354754	0.038145	0.540660	4
0.000572	0.001952	0.992975	0.004502	3
0.000153	0.000012	0.999361	0.000474	3
0.698152	0.085360	0.063932	0.152556	1
0.000094	0.984591	0.000037	0.015278	2
0.009141	0.012923	0.006886	0.971051	4
0.003098	0.336685	0.000052	0.660164	4
0.002090	0.058788	0.174947	0.764176	4
0.000001	0.000005	0.999968	0.000025	3
0.000003	0.000193	0.998862	0.000942	3
0.056821	0.006248	0.029756	0.907175	4
0.340996	0.006457	0.449939	0.202608	3
0.005168	0.017035	0.971996	0.005801	3
0.001805	0.001019	0.993813	0.003363	3
0.004752	0.167725	0.081912	0.745610	4
0.780790	0.014362	0.158690	0.046158	1
0.002172	0.004023	0.986961	0.006844	3
0.000264	0.000109	0.999435	0.000193	3
0.355326	0.158904	0.416033	0.069737	3
0.999702	0.000001	0.000290	0.000008	1
0.022075	0.158529	0.000255	0.819141	4
0.998668	0.000369	0.000613	0.000351	1
0.001393	0.994774	0.000375	0.003459	2
0.935063	0.002974	0.001813	0.060151	1
0.966357	0.000314	0.029413	0.003915	1
0.000010	0.000060	0.999867	0.000063	3
0.003864	0.271291	0.028098	0.696747	4
0.992129	0.000017	0.007676	0.000179	1
0.123541	0.701454	0.131204	0.043801	2
0.990569	0.000051	0.008815	0.000565	1
0.995552	0.000189	0.003447	0.000812	1
0.000852	0.954660	0.002928	0.041560	2
0.509648	0.056238	0.009154	0.424961	1
0.984066	0.000003	0.015851	0.000080	1
0.000029	0.000141	0.999636	0.000193	3
0.941784	0.000906	0.055677	0.001633	1
0.025781	0.264647	0.007535	0.702038	4
0.992509	0.000199	0.006775	0.000517	1
0.000043	0.902402	0.000233	0.097321	2
0.002336	0.910487	0.000466	0.086711	2
0.986413	0.000047	0.013309	0.000231	1
0.000003	0.000013	0.999975	0.000009	3
0.021026	0.003311	0.972560	0.003102	3
0.000007	0.000009	0.999967	0.000018	3
0.913776	0.008974	0.004483	0.072768	1
0.999208	0.000095	0.000435	0.000262	1
0.000013	0.001416	0.997903	0.000669	3
0.098532	0.000476	0.894123	0.006868	3
0.934585	0.000685	0.059708	0.005022	1
0.265769	0.604292	0.006284	0.123655	2
0.929876	0.030071	0.018671	0.021382	1
0.581157	0.001761	0.405994	0.011088	1
0.000252	0.971894	0.000071	0.027783	2
0.027917	0.010360	0.907560	0.054162	3
0.942532	0.008094	0.017402	0.031972	1
0.001564	0.036623	0.002606	0.959207	4
0.993475	0.001047	0.003312	0.002166	1
0.976849	0.003635	0.013813	0.005703	1
0.031506	0.008481	0.950378	0.009636	3
0.033252	0.111854	0.037417	0.817477	4
0.000265	0.983095	0.000145	0.016495	2
0.988994	0.000156	0.009582	0.001268	1
0.000096	0.810946	0.000025	0.188933	2
0.999778	0.000002	0.000166	0.000055	1
0.999439	0.000015	0.000456	0.000090	1
0.112818	0.647573	0.031017	0.208592	2
0.002536	0.001484	0.992982	0.002998	3
0.003000	0.128315	0.000655	0.868030	4
0.996308	0.000944	0.002255	0.000494	1
0.000505	0.976534	0.002685	0.020276	2
0.998420	0.000276	0.000299	0.001005	1
0.000067	0.002525	0.997218	0.000190	3
0.004655	0.002364	0.980182	0.012799	3
0.718046	0.000177	0.279076	0.002701	1
0.000406	0.968927	0.001996	0.028671	2
0.000696	0.000234	0.998531	0.000539	3
0.008092	0.013807	0.112814	0.865287	4
0.001500	0.000211	0.996324	0.001965	3
0.000140	0.995502	0.000812	0.003546	2
0.248817	0.032363	0.602631	0.116188	3
0.059633	0.002296	0.934809	0.003261	3
0.989133	0.000059	0.010590	0.000218	1
0.994086	0.000282	0.004881	0.000750	1
0.999462	0.000023	0.000277	0.000239	1
0.001713	0.262286	0.000439	0.735562	4
0.000034	0.000066	0.999620	0.000281	3
0.993222	0.001325	0.002041	0.003412	1
0.001900	0.011697	0.972330	0.014074	3
0.977879	0.001333	0.005109	0.015679	1
0.000018	0.000923	0.998840	0.000218	3
0.000007	0.004016	0.995258	0.000718	3
0.023359	0.759895	0.003710	0.213036	2
0.284137	0.005583	0.701484	0.008796	3
0.998509	0.000104	0.000365	0.001022	1
0.000178	0.932213	0.001152	0.066456	2
0.990419	0.000138	0.001976	0.007467	1
0.000096	0.881559	0.000122	0.118223	2
0.997875	0.000008	0.002038	0.000078	1
0.000287	0.945147	0.000374	0.054192	2
0.031661	0.295978	0.010024	0.662337	4
0.000001	0.000477	0.999500	0.000022	3
0.001315	0.920816	0.000895	0.076974	2
0.001575	0.000526	0.992687	0.005212	3
0.000372	0.000860	0.998352	0.000416	3
0.005230	0.924510	0.025045	0.045216	2
0.894170	0.052208	0.048979	0.004642	1
0.993091	0.000775	0.002267	0.003867	1
0.001015	0.973182	0.004950	0.020853	2
0.000157	0.000022	0.999399	0.000421	3
0.000120	0.000413	0.996509	0.002958	3
0.000832	0.997713	0.000040	0.001416	2
0.948688	0.002514	0.032728	0.016070	1
0.981473	0.000162	0.017231	0.001134	1
0.000109	0.000612	0.998851	0.000428	3
0.994704	0.000625	0.001002	0.003669	1
0.000159	0.000013	0.999771	0.000058	3
0.000110	0.076222	0.000041	0.923628	4
0.999784	0.000178	0.000016	0.000023	1
0.995013	0.000777	0.000504	0.003707	1
0.028771	0.000038	0.970503	0.000688	3
0.004425	0.333393	0.093976	0.568205	4
0.996041	0.000000	0.003943	0.000016	1
0.990366	0.000341	0.006669	0.002624	1
0.964647	0.000084	0.034615	0.000654	1
0.000067	0.000013	0.999905	0.000016	3
0.002299	0.025509	0.954310	0.017881	3
0.999474	0.000003	0.000479	0.000045	1
0.610922	0.009283	0.324243	0.055552	1
0.000273	0.369685	0.000324	0.629718	4
0.000857	0.963993	0.001868	0.033282	2
0.000018	0.000342	0.999547	0.000093	3
0.997346	0.000334	0.000609	0.001711	1
0.014684	0.686353	0.000300	0.298664	2
0.018980	0.018966	0.000186	0.961868	4
0.989899	0.004479	0.000312	0.005311	1
0.000784	0.874189	0.000921	0.124106	2
0.000697	0.672202	0.066376	0.260725	2
0.989532	0.000137	0.009467	0.000864	1
0.980788	0.014152	0.001171	0.003888	1
0.987221	0.000585	0.010705	0.001489	1
0.998025	0.000108	0.000836	0.001031	1
0.999670	0.000002	0.000295	0.000032	1
0.000004	0.000007	0.999897	0.000093	3
0.995355	0.000033	0.002835	0.001778	1
0.000166	0.000039	0.999355	0.000440	3
0.003716	0.056421	0.003759	0.936104	4
0.005612	0.039887	0.907811	0.046690	3
0.000011	0.000191	0.999684	0.000113	3
0.999839	0.000001	0.000144	0.000017	1
0.997823	0.000002	0.002094	0.000080	1
0.095291	0.488629	0.010803	0.405277	2
0.010131	0.248484	0.000310	0.741075	4
0.001335	0.405578	0.001205	0.591882	4
0.000120	0.000061	0.999424	0.000394	3
0.995994	0.000022	0.000457	0.003527	1
0.004793	0.795609	0.004731	0.194867	2
0.000013	0.001519	0.998340	0.000128	3
0.000560	0.959349	0.000069	0.040022	2
0.999100	0.000004	0.000807	0.000089	1
0.001477	0.653658	0.000583	0.344282	2
0.044193	0.001706	0.948278	0.005823	3
0.000892	0.000043	0.998975	0.000090	3
0.993585	0.000077	0.004507	0.001830	1
0.995443	0.000069	0.002221	0.002266	1
0.160205	0.080525	0.020922	0.738348	4
0.239457	0.000238	0.759747	0.000558	3
0.000286	0.766994	0.002144	0.230577	2
0.575116	0.000142	0.424269	0.000472	1
0.963170	0.001948	0.001230	0.033653	1
0.999953	0.000001	0.000021	0.000025	1
0.001917	0.657700	0.000570	0.339814	2
0.001920	0.076734	0.000682	0.920664	4
0.000071	0.840691	0.000171	0.159067	2
0.066057	0.298227	0.097787	0.537929	4
0.014685	0.000585	0.978979	0.005751	3
0.161922	0.264354	0.005378	0.568345	4
0.986722	0.006328	0.001455	0.005495	1
0.151574	0.198582	0.422914	0.226931	3
0.947750	0.001904	0.034751	0.015595	1
0.000200	0.331800	0.000322	0.667678	4
0.000042	0.989632	0.000115	0.010211	2
0.000041	0.985525	0.000051	0.014382	2
0.052616	0.048720	0.061231	0.837433	4
0.924462	0.000131	0.074465	0.000943	1
0.000418	0.000073	0.999319	0.000190	3
0.992361	0.000134	0.005864	0.001641	1
0.000521	0.967588	0.000117	0.031773	2
0.000078	0.000207	0.998531	0.001185	3
0.000382	0.000399	0.998901	0.000318	3
0.986801	0.000015	0.012803	0.000382	1
0.000080	0.000005	0.999912	0.000002	3
0.000077	0.000616	0.998602	0.000705	3
0.000026	0.000058	0.999829	0.000087	3
0.999017	0.000183	0.000535	0.000265	1
0.009746	0.011636	0.064141	0.914476	4
0.000028	0.000019	0.999706	0.000247	3
0.997593	0.000003	0.002367	0.000037	1
0.999065	0.000433	0.000279	0.000223	1
0.418452	0.000459	0.579442	0.001648	3
0.999886	0.000000	0.000111	0.000003	1
0.965502	0.014366	0.002948	0.017184	1
0.978370	0.001189	0.009162	0.011278	1
0.000428	0.004367	0.994410	0.000796	3
0.097889	0.000799	0.877747	0.023565	3
0.974703	0.000078	0.024678	0.000541	1
0.789722	0.071078	0.017979	0.121220	1
0.762412	0.000303	0.234872	0.002413	1
0.983550	0.000758	0.014002	0.001689	1
0.000009	0.000076	0.999598	0.000317	3
0.998737	0.000364	0.000372	0.000527	1
0.999779	0.000010	0.000187	0.000024	1
0.062004	0.620922	0.111373	0.205701	2
0.976025	0.000028	0.022556	0.001391	1
0.000013	0.000871	0.998612	0.000503	3
0.017009	0.909955	0.002741	0.070295	2
0.015646	0.744902	0.002257	0.237195	2
0.013797	0.253658	0.006201	0.726344	4
0.118813	0.680491	0.001016	0.199679	2
0.013993	0.932042	0.001400	0.052564	2
0.000705	0.193028	0.787251	0.019015	3
0.048105	0.032039	0.873975	0.045881	3
0.197370	0.084513	0.084729	0.633387	4
0.040307	0.685450	0.000757	0.273486	2
0.708571	0.000235	0.279820	0.011374	1
0.995410	0.000173	0.000471	0.003945	1
0.000316	0.212238	0.004195	0.783251	4
0.996047	0.000004	0.003613	0.000337	1
0.000532	0.777583	0.149096	0.072788	2
0.006598	0.071214	0.848026	0.074162	3
0.000052	0.943698	0.000059	0.056192	2
0.999229	0.000018	0.000109	0.000644	1
0.986157	0.001602	0.006852	0.005389	1
0.990750	0.000004	0.009175	0.000071	1
0.045812	0.888577	0.011265	0.054346	2
0.012630	0.021479	0.033717	0.932175	4
0.922778	0.031585	0.001176	0.044461	1
0.000056	0.000169	0.999490	0.000284	3
0.024819	0.000053	0.974553	0.000574	3
0.001124	0.000151	0.997391	0.001334	3
0.002480	0.944494	0.004784	0.048242	2
0.001783	0.010839	0.984257	0.003121	3
0.980606	0.000118	0.015221	0.004056	1
0.008013	0.067125	0.042489	0.882373	4
0.999872	0.000001	0.000108	0.000018	1
0.000120	0.968250	0.005012	0.026619	2
0.005180	0.121319	0.003417	0.870083	4
0.000803	0.000020	0.999143	0.000034	3
0.008065	0.001856	0.988714	0.001365	3
0.987108	0.000682	0.011141	0.001069	1
0.940647	0.000013	0.059074	0.000266	1
0.998366	0.000001	0.001607	0.000026	1
0.997396	0.000009	0.002489	0.000106	1
0.005693	0.620386	0.009510	0.364410	2
0.995054	0.000000	0.004886	0.000060	1
0.000008	0.000126	0.999636	0.000230	3
0.000188	0.433943	0.001603	0.564265	4
0.996888	0.000025	0.002695	0.000392	1
0.997326	0.000438	0.000321	0.001916	1
0.022742	0.951224	0.005243	0.020790	2
0.006847	0.002867	0.942381	0.047905	3
0.766142	0.071151	0.020688	0.142019	1
0.003675	0.000560	0.994440	0.001325	3
0.884114	0.000983	0.000767	0.114136	1
0.188773	0.001186	0.804629	0.005411	3
0.999926	0.000000	0.000067	0.000007	1
0.998046	0.000003	0.001928	0.000023	1
0.000515	0.000401	0.996942	0.002142	3
0.998090	0.000047	0.001324	0.000538	1
0.000321	0.000012	0.999594	0.000073	3
0.021816	0.899220	0.002342	0.076622	2
0.999403	0.000002	0.000527	0.000067	1
0.995440	0.000004	0.004361	0.000195	1
0.992271	0.000163	0.007393	0.000172	1
0.995377	0.000162	0.002517	0.001944	1
0.006695	0.159951	0.015875	0.817478	4
0.003547	0.974793	0.000123	0.021538	2
0.306976	0.000193	0.681821	0.011011	3
0.997929	0.000012	0.001371	0.000689	1
0.998864	0.000280	0.000132	0.000724	1
0.447497	0.021179	0.486444	0.044880	3
0.000017	0.000008	0.999889	0.000086	3
0.996160	0.000073	0.002964	0.000804	1
0.001325	0.001078	0.996390	0.001207	3
0.864690	0.009616	0.079366	0.046328	1
0.003190	0.000217	0.995654	0.000939	3
0.997674	0.000001	0.002287	0.000039	1
0.000205	0.513261	0.479169	0.007365	2
0.007499	0.003105	0.983989	0.005407	3
0.157036	0.000008	0.842762	0.000194	3
0.023265	0.644035	0.029314	0.303386	2
0.999799	0.000002	0.000178	0.000021	1
0.971483	0.000035	0.026638	0.001843	1
0.017505	0.906325	0.003232	0.072938	2
0.000156	0.982718	0.000005	0.017120	2
0.035748	0.646188	0.010670	0.307395	2
0.999465	0.000001	0.000278	0.000255	1
0.007418	0.000705	0.987293	0.004584	3
0.000279	0.521672	0.005014	0.473035	2
0.138137	0.178174	0.467215	0.216474	3
0.005043	0.960241	0.001062	0.033654	2
0.271736	0.155605	0.383172	0.189487	3
0.000012	0.000220	0.999658	0.000109	3
0.986078	0.001352	0.000576	0.011994	1
0.992967	0.000001	0.007019	0.000012	1
0.946584	0.034769	0.002439	0.016209	1
0.118049	0.699080	0.023914	0.158957	2
0.955484	0.000005	0.044442	0.000069	1
0.987144	0.001636	0.005560	0.005660	1
0.996695	0.000016	0.003261	0.000027	1
0.000181	0.909693	0.000755	0.089371	2
0.997032	0.000696	0.000702	0.001570	1
0.984000	0.000625	0.013170	0.002205	1
0.000261	0.869356	0.004609	0.125775	2
0.932546	0.000018	0.067344	0.000092	1
0.000025	0.000001	0.999961	0.000014	3
0.000027	0.000450	0.999043	0.000479	3
0.006165	0.000241	0.992776	0.000819	3
0.017386	0.106221	0.857521	0.018872	3
0.000147	0.000070	0.999441	0.000342	3
0.999405	0.000047	0.000028	0.000519	1
0.999965	0.000000	0.000025	0.000010	1
0.011659	0.940946	0.027331	0.020064	2
0.017556	0.894317	0.004128	0.083999	2
0.349339	0.012738	0.611160	0.026764	3
0.000009	0.975532	0.000059	0.024400	2
0.945119	0.000340	0.053785	0.000756	1
0.059384	0.706007	0.003889	0.230720	2
0.986980	0.000133	0.012680	0.000207	1
0.003372	0.000797	0.995138	0.000693	3
0.982777	0.000957	0.007071	0.009194	1
0.149152	0.027046	0.797473	0.026328	3
0.996639	0.000797	0.000491	0.002073	1
0.017166	0.022060	0.930035	0.030739	3
0.374119	0.000009	0.624303	0.001569	3
0.991202	0.000413	0.003810	0.004575	1
0.000040	0.745955	0.047279	0.206726	2
0.997146	0.001543	0.000652	0.000658	1
0.001459	0.991462	0.000278	0.006801	2
0.351329	0.001795	0.640817	0.006059	3
0.001503	0.939068	0.000057	0.059373	2
0.000664	0.000020	0.999150	0.000166	3
0.999877	0.000000	0.000116	0.000007	1
0.000147	0.562569	0.103760	0.333524	2
0.001599	0.109293	0.003415	0.885693	4
0.004993	0.001385	0.990505	0.003117	3
0.999884	0.000001	0.000068	0.000046	1
0.020687	0.002280	0.975145	0.001888	3
0.947449	0.001204	0.035671	0.015676	1
0.000471	0.086973	0.000231	0.912326	4
0.220747	0.000656	0.774885	0.003711	3
0.005354	0.988951	0.000129	0.005565	2
0.134955	0.835776	0.000996	0.028272	2
0.042967	0.513470	0.006203	0.437360	2
0.996070	0.000185	0.003538	0.000207	1
0.953958	0.000074	0.045709	0.000260	1
0.000153	0.000432	0.999157	0.000259	3
0.000006	0.000009	0.999962	0.000023	3
0.918596	0.023907	0.021638	0.035860	1
0.000462	0.000219	0.998491	0.000829	3
0.000019	0.984222	0.000056	0.015703	2
0.999200	0.000015	0.000355	0.000430	1
0.006799	0.015043	0.968530	0.009627	3
0.094159	0.091054	0.209301	0.605486	4
0.000475	0.000017	0.999482	0.000026	3
0.999031	0.000006	0.000860	0.000103	1
0.998688	0.000089	0.000830	0.000394	1
0.769022	0.000864	0.218982	0.011132	1
0.000255	0.038119	0.044419	0.917207	4
0.999836	0.000022	0.000084	0.000058	1
0.922842	0.003158	0.069891	0.004109	1
0.000400	0.130013	0.000035	0.869552	4
0.016930	0.417182	0.081435	0.484453	4
0.029324	0.227308	0.004472	0.738896	4
0.000350	0.610009	0.000530	0.389110	2
0.989090	0.000267	0.010516	0.000127	1
0.818318	0.003899	0.163664	0.014119	1
0.946345	0.015508	0.000429	0.037718	1
0.000281	0.000068	0.999568	0.000084	3
0.000452	0.749541	0.203035	0.046972	2
0.000164	0.391631	0.034712	0.573493	4
0.999298	0.000010	0.000661	0.000031	1
0.994345	0.000036	0.005513	0.000106	1
0.984974	0.000923	0.008350	0.005754	1
0.000324	0.994050	0.000092	0.005534	2
0.002947	0.004988	0.980028	0.012037	3
0.973700	0.001215	0.023210	0.001875	1
0.999544	0.000026	0.000260	0.000170	1
0.028843	0.114996	0.057309	0.798853	4
0.985154	0.000053	0.014067	0.000726	1
0.996822	0.000040	0.002896	0.000242	1
0.004249	0.011957	0.979541	0.004254	3
0.000155	0.926819	0.007238	0.065788	2
0.000003	0.000017	0.999953	0.000027	3
0.964758	0.001531	0.030512	0.003199	1
0.575358	0.287878	0.093512	0.043252	1
0.874841	0.021569	0.000875	0.102716	1
0.011437	0.197200	0.001192	0.790171	4
0.001741	0.981317	0.009388	0.007554	2
0.986709	0.007012	0.000554	0.005725	1
0.001294	0.010493	0.000752	0.987461	4
0.000063	0.001203	0.997254	0.001479	3
0.427995	0.000293	0.562550	0.009162	3
0.788369	0.017713	0.065360	0.128558	1
0.000018	0.000005	0.999944	0.000034	3
0.002857	0.002104	0.977413	0.017626	3
0.002059	0.512930	0.361882	0.123129	2
0.000198	0.791209	0.007007	0.201586	2
0.955720	0.001083	0.029359	0.013837	1
0.964781	0.000056	0.035022	0.000140	1
0.000055	0.003208	0.988186	0.008552	3
0.000181	0.627100	0.015984	0.356735	2
0.000031	0.000252	0.998957	0.000761	3
0.000379	0.166005	0.014861	0.818756	4
0.000049	0.940035	0.000374	0.059541	2
0.000034	0.666884	0.000697	0.332386	2
0.001238	0.705075	0.138811	0.154876	2
0.986195	0.000379	0.008438	0.004988	1
0.001121	0.000892	0.997306	0.000681	3
0.000470	0.940765	0.000257	0.058509	2
0.984611	0.000342	0.011381	0.003666	1
0.005997	0.871814	0.011924	0.110265	2
0.010964	0.965775	0.002894	0.020367	2
0.976693	0.000349	0.022085	0.000873	1
0.001029	0.000149	0.998722	0.000099	3
0.000728	0.967952	0.000226	0.031094	2
0.099378	0.002025	0.877098	0.021499	3
0.031495	0.000017	0.968003	0.000485	3
0.000029	0.981227	0.000045	0.018699	2
0.003691	0.986048	0.000164	0.010097	2
0.000031	0.004369	0.000433	0.995167	4
0.000154	0.186732	0.000572	0.812542	4
0.984007	0.000130	0.007121	0.008743	1
0.001287	0.930520	0.001544	0.066648	2
0.000121	0.979508	0.000050	0.020322	2
0.061243	0.000167	0.937244	0.001345	3
0.001354	0.000042	0.997941	0.000664	3
0.000012	0.995487	0.000365	0.004135	2
0.000039	0.917968	0.000047	0.081945	2
0.000020	0.000045	0.999844	0.000091	3
0.014824	0.047433	0.905974	0.031770	3
0.000014	0.000202	0.999575	0.000209	3
0.000038	0.974869	0.011194	0.013899	2
0.001689	0.247089	0.001108	0.750115	4
0.446050	0.292700	0.135117	0.126132	1
0.998824	0.000025	0.001081	0.000069	1
0.999425	0.000001	0.000434	0.000140	1
0.000278	0.000251	0.998461	0.001009	3
0.003981	0.066835	0.008476	0.920708	4
0.576581	0.334513	0.000304	0.088602	1
0.001276	0.990431	0.000097	0.008196	2
0.000338	0.000022	0.999597	0.000043	3
0.000272	0.000157	0.999453	0.000117	3
0.122594	0.075530	0.647252	0.154624	3
0.001111	0.117282	0.000366	0.881241	4
0.306499	0.000012	0.693405	0.000084	3
0.998513	0.000013	0.000604	0.000870	1
0.005163	0.000042	0.994750	0.000045	3
0.000004	0.000071	0.999836	0.000089	3
0.784907	0.120741	0.032054	0.062299	1
0.004782	0.000030	0.994797	0.000391	3
0.000182	0.988753	0.000670	0.010395	2
0.997800	0.000004	0.002100	0.000096	1
0.039931	0.000003	0.960012	0.000054	3
0.943458	0.000034	0.055779	0.000729	1
0.999141	0.000013	0.000769	0.000078	1
0.921446	0.007320	0.015537	0.055697	1
0.995574	0.001517	0.000713	0.002195	1
0.999019	0.000029	0.000447	0.000505	1
0.001568	0.788789	0.069578	0.140065	2
0.986206	0.000062	0.011542	0.002190	1
0.991072	0.000031	0.007952	0.000945	1
0.985147	0.000016	0.013900	0.000937	1
0.000002	0.000002	0.999993	0.000003	3
0.000013	0.995248	0.000003	0.004736	2
0.862361	0.000011	0.137504	0.000124	1
0.001256	0.973476	0.000155	0.025113	2
0.002345	0.553699	0.432830	0.011126	2
0.132328	0.320001	0.011057	0.536614	4
0.958204	0.001330	0.035292	0.005174	1
0.000527	0.945073	0.000201	0.054198	2
0.000113	0.809156	0.000585	0.190146	2
0.000009	0.000062	0.999915	0.000013	3
0.348256	0.000082	0.636542	0.015120	3
0.001704	0.480857	0.003279	0.514160	4
0.997997	0.000150	0.001688	0.000165	1
0.000005	0.000048	0.999872	0.000074	3
0.000083	0.869118	0.098907	0.031891	2
0.990035	0.000038	0.008920	0.001007	1
0.000031	0.967000	0.000088	0.032882	2
0.131918	0.798639	0.023668	0.045774	2
0.109188	0.002070	0.862410	0.026332	3
0.337416	0.001688	0.658475	0.002421	3
0.993885	0.000099	0.001407	0.004609	1
0.004673	0.967091	0.002020	0.026216	2
0.971070	0.003929	0.017363	0.007637	1
0.998586	0.000118	0.000371	0.000925	1
0.001018	0.758315	0.022466	0.218201	2
0.001365	0.971031	0.009268	0.018336	2
0.000226	0.949451	0.000032	0.050291	2
0.976152	0.004766	0.009795	0.009287	1
0.320168	0.002335	0.660887	0.016610	3
0.988144	0.000424	0.005289	0.006142	1
0.000163	0.000018	0.999811	0.000009	3
0.998543	0.000174	0.001087	0.000197	1
0.000313	0.913563	0.021266	0.064858	2
0.996059	0.000009	0.003434	0.000497	1
0.000070	0.000008	0.999892	0.000029	3
0.819919	0.000197	0.178051	0.001833	1
0.991839	0.000013	0.007581	0.000567	1
0.004539	0.591512	0.000776	0.403173	2
0.000874	0.981275	0.000116	0.017735	2
0.000447	0.974944	0.002345	0.022264	2
0.070226	0.604481	0.023135	0.302158	2
0.981309	0.002509	0.008818	0.007364	1
0.000165	0.000126	0.999388	0.000321	3
0.005971	0.761303	0.019151	0.213575	2
0.954452	0.000605	0.041144	0.003799	1
0.000472	0.110627	0.695668	0.193233	3
0.000044	0.000012	0.999902	0.000043	3
0.000023	0.976038	0.000076	0.023862	2
0.233674	0.000384	0.734132	0.031810	3
0.926766	0.000199	0.069560	0.003475	1
0.015422	0.000474	0.981531	0.002574	3
0.000524	0.662958	0.004303	0.332215	2
0.987080	0.000013	0.012882	0.000024	1
0.021671	0.000761	0.975418	0.002150	3
0.000330	0.756430	0.000509	0.242731	2
0.019132	0.920110	0.004074	0.056684	2
0.000323	0.002570	0.995005	0.002103	3
0.837837	0.007345	0.152111	0.002707	1
0.014202	0.777178	0.001782	0.206838	2
0.000863	0.000713	0.996344	0.002079	3
0.328641	0.062412	0.001208	0.607740	4
0.014919	0.971924	0.000058	0.013099	2
0.055074	0.073718	0.026923	0.844284	4
0.160016	0.000053	0.839242	0.000690	3
0.005956	0.000990	0.991383	0.001671	3
0.000039	0.000341	0.999451	0.000169	3
0.004985	0.951147	0.000044	0.043824	2
0.022405	0.000667	0.971385	0.005543	3
0.002939	0.067071	0.005513	0.924477	4
0.001099	0.962769	0.000343	0.035790	2
0.878519	0.005762	0.104397	0.011322	1
0.003127	0.000358	0.986851	0.009664	3
0.000590	0.982758	0.000338	0.016314	2
0.026652	0.013433	0.171574	0.788341	4
0.999319	0.000010	0.000567	0.000104	1
0.000256	0.100590	0.000373	0.898781	4
0.361007	0.233293	0.062647	0.343053	1
0.001537	0.146564	0.260724	0.591176	4
0.000657	0.000050	0.998853	0.000440	3
0.000008	0.994935	0.000051	0.005006	2
0.987688	0.001750	0.005183	0.005379	1
0.998948	0.000012	0.001004	0.000036	1
0.000015	0.932054	0.001058	0.066873	2
0.000617	0.001178	0.995590	0.002615	3
0.000077	0.000686	0.994545	0.004691	3
0.979457	0.000127	0.017894	0.002522	1
0.019830	0.429564	0.033599	0.517007	4
0.995642	0.000013	0.003110	0.001235	1
0.003196	0.956905	0.002869	0.037030	2
0.000011	0.000404	0.998794	0.000790	3
0.000035	0.000189	0.999679	0.000097	3
0.999494	0.000002	0.000482	0.000023	1
0.982743	0.000158	0.015050	0.002049	1
0.011894	0.000265	0.987270	0.000571	3
0.006723	0.034159	0.801604	0.157513	3
0.004355	0.135702	0.816398	0.043545	3
0.000180	0.000358	0.998783	0.000680	3
0.000467	0.949718	0.032927	0.016888	2
0.000028	0.005752	0.992178	0.002042	3
0.998217	0.000033	0.001144	0.000606	1
0.021914	0.123976	0.000405	0.853705	4
0.984910	0.000000	0.015059	0.000030	1
0.021219	0.001483	0.972237	0.005061	3
0.889620	0.000018	0.107351	0.003011	1
0.011809	0.682986	0.070156	0.235049	2
0.000690	0.968374	0.000286	0.030650	2
0.980406	0.000330	0.015872	0.003392	1
0.000275	0.000300	0.991286	0.008139	3
0.000012	0.998811	0.000197	0.000980	2
0.027353	0.131543	0.006822	0.834283	4
0.003705	0.001381	0.988478	0.006436	3
0.626431	0.000315	0.373100	0.000154	1
0.996899	0.000155	0.001649	0.001297	1
0.998297	0.000021	0.001612	0.000070	1
0.300961	0.000382	0.688086	0.010571	3
0.989545	0.000143	0.007442	0.002869	1
0.010846	0.817098	0.008270	0.163787	2
0.000007	0.000003	0.999974	0.000016	3
0.976001	0.000019	0.023251	0.000729	1
0.000003	0.000370	0.999560	0.000067	3
0.000049	0.001287	0.000005	0.998659	4
0.000601	0.012457	0.982704	0.004238	3
0.998871	0.000028	0.000817	0.000284	1
0.480661	0.030679	0.250021	0.238640	1
0.002084	0.932232	0.000363	0.065321	2
0.001430	0.706145	0.011466	0.280960	2
0.999729	0.000008	0.000112	0.000151	1
0.001636	0.274019	0.000820	0.723525	4
0.000008	0.982077	0.000454	0.017461	2
0.000415	0.922224	0.000586	0.076775	2
0.013328	0.025945	0.945941	0.014786	3
0.104677	0.000223	0.889971	0.005129	3
0.000557	0.000167	0.987163	0.012113	3
0.003687	0.294999	0.001131	0.700183	4
0.000004	0.000009	0.999973	0.000014	3
0.000103	0.101475	0.000048	0.898373	4
0.001559	0.000596	0.997270	0.000575	3
0.001455	0.000193	0.997905	0.000447	3
0.998898	0.000017	0.000935	0.000150	1
0.012673	0.659516	0.065655	0.262156	2
0.995012	0.000613	0.000122	0.004253	1
0.997692	0.000600	0.000477	0.001231	1
0.000685	0.019315	0.976968	0.003032	3
0.001090	0.001963	0.994257	0.002690	3
0.995382	0.000353	0.001066	0.003199	1
0.000236	0.976763	0.014838	0.008162	2
0.999589	0.000108	0.000129	0.000174	1
0.031810	0.390076	0.014882	0.563232	4
0.000857	0.972932	0.000067	0.026144	2
0.584302	0.002556	0.411289	0.001853	1
0.001190	0.000183	0.998547	0.000080	3
0.982725	0.000375	0.016422	0.000478	1
0.976597	0.005419	0.000942	0.017042	1
0.000835	0.720265	0.263766	0.015134	2
0.001493	0.308286	0.030274	0.659947	4
0.014591	0.000136	0.984434	0.000840	3
0.001039	0.958947	0.000246	0.039768	2
0.000681	0.968692	0.019009	0.011619	2
0.051897	0.846361	0.047993	0.053749	2
0.888071	0.016410	0.000309	0.095210	1
0.003698	0.453147	0.118854	0.424302	2
0.978482	0.000056	0.021278	0.000184	1
0.988271	0.000661	0.005897	0.005172	1
0.001984	0.002328	0.988712	0.006976	3
0.000384	0.991103	0.002573	0.005940	2
0.912398	0.002160	0.082166	0.003275	1
0.712463	0.000810	0.281362	0.005365	1
0.000015	0.000005	0.999966	0.000013	3
0.999663	0.000000	0.000327	0.000010	1
0.033127	0.057784	0.746661	0.162428	3
0.348630	0.000063	0.651021	0.000286	3
0.000109	0.004208	0.001467	0.994216	4
0.002401	0.070132	0.000403	0.927064	4
0.001180	0.013131	0.000066	0.985623	4
0.007481	0.931896	0.032640	0.027983	2
0.996209	0.000081	0.002885	0.000825	1
0.924902	0.000233	0.069265	0.005600	1
0.999447	0.000007	0.000086	0.000460	1
0.986446	0.002428	0.007986	0.003141	1
0.996904	0.000019	0.002807	0.000270	1
0.999591	0.000048	0.000183	0.000178	1
0.995904	0.000006	0.004066	0.000024	1
0.001958	0.156469	0.000643	0.840930	4
0.002800	0.131156	0.003028	0.863016	4
0.000089	0.919384	0.000019	0.080509	2
0.000232	0.000254	0.998955	0.000559	3
0.003878	0.909934	0.006581	0.079607	2
0.000608	0.002569	0.988564	0.008259	3
0.053267	0.360890	0.407775	0.178068	3
0.004482	0.000643	0.992176	0.002699	3
0.000199	0.058518	0.001384	0.939899	4
0.000028	0.958378	0.000021	0.041573	2
0.000092	0.980135	0.000883	0.018890	2
0.997839	0.000003	0.001867	0.000291	1
0.000171	0.000041	0.999762	0.000026	3
0.032036	0.380042	0.004569	0.583353	4
0.007930	0.000060	0.991589	0.000421	3
0.012934	0.018100	0.005231	0.963734	4
0.997711	0.000034	0.001698	0.000557	1
0.156933	0.001053	0.838015	0.003999	3
0.999310	0.000032	0.000586	0.000072	1
0.000013	0.997813	0.000107	0.002067	2
0.389504	0.000144	0.604760	0.005592	3
0.000041	0.000145	0.997371	0.002443	3
0.981344	0.000488	0.009854	0.008313	1
0.973282	0.001562	0.002156	0.023000	1
0.986806	0.000178	0.009943	0.003073	1
0.994904	0.000029	0.004094	0.000973	1
0.000003	0.000259	0.999518	0.000220	3
0.937806	0.000621	0.056802	0.004771	1
0.006863	0.020285	0.013211	0.959641	4
0.983418	0.001319	0.009762	0.005501	1
0.001004	0.960132	0.000164	0.038700	2
0.755949	0.002604	0.236107	0.005340	1
0.000006	0.000160	0.999803	0.000032	3
0.000967	0.149995	0.008336	0.840702	4
0.000020	0.783981	0.000289	0.215711	2
0.000215	0.046679	0.000041	0.953064	4
0.002495	0.851044	0.000129	0.146332	2
0.306987	0.001703	0.677597	0.013713	3
0.998269	0.000070	0.001470	0.000191	1
0.000004	0.000467	0.999479	0.000050	3
0.000068	0.002626	0.996708	0.000598	3
0.000264	0.003573	0.993669	0.002493	3
0.000116	0.964643	0.000658	0.034583	2
0.988416	0.000036	0.010990	0.000558	1
0.000121	0.000001	0.999758	0.000120	3
0.002210	0.486829	0.009165	0.501796	4
0.427172	0.002103	0.506596	0.064129	3
0.000003	0.989915	0.000003	0.010080	2
0.007217	0.000016	0.992515	0.000253	3
0.705601	0.000216	0.282303	0.011880	1
0.918574	0.000081	0.080618	0.000728	1
0.064623	0.275759	0.022269	0.637349	4
0.999694	0.000001	0.000252	0.000053	1
0.008773	0.000145	0.990623	0.000459	3
0.000400	0.004713	0.990282	0.004605	3
0.001071	0.023697	0.050044	0.925188	4
0.012625	0.003261	0.966804	0.017311	3
0.000040	0.000032	0.999836	0.000092	3
0.000032	0.000295	0.999508	0.000165	3
0.977935	0.000793	0.017662	0.003610	1
0.000115	0.972393	0.000073	0.027419	2
0.000373	0.841071	0.000348	0.158208	2
0.000123	0.022865	0.000698	0.976314	4
0.995066	0.000785	0.003203	0.000946	1
0.994762	0.000280	0.004558	0.000400	1
0.321568	0.464097	0.024115	0.190220	2
0.959703	0.000070	0.038723	0.001504	1
0.006817	0.089257	0.068562	0.835364	4
0.001171	0.038439	0.957614	0.002775	3
0.954607	0.005523	0.010029	0.029841	1
0.011740	0.727492	0.001609	0.259159	2
0.004443	0.003970	0.988728	0.002859	3
0.998746	0.000451	0.000366	0.000437	1
0.998147	0.000218	0.000639	0.000996	1
0.012275	0.015112	0.740952	0.231660	3
0.000090	0.093674	0.000659	0.905578	4
0.140809	0.031473	0.034158	0.793561	4
0.998230	0.000080	0.001443	0.000247	1
0.000045	0.061690	0.935902	0.002364	3
0.032129	0.923083	0.033918	0.010870	2
0.001770	0.311731	0.008112	0.678387	4
0.001473	0.265499	0.015579	0.717450	4
0.000970	0.795317	0.000707	0.203006	2
0.959118	0.010276	0.000478	0.030128	1
0.991951	0.000502	0.000617	0.006930	1
0.000008	0.000264	0.999320	0.000408	3
0.000179	0.000169	0.999221	0.000431	3
0.004813	0.009461	0.937038	0.048689	3
0.000240	0.579051	0.006028	0.414681	2
0.000017	0.000137	0.999745	0.000102	3
0.998707	0.000015	0.001133	0.000145	1
0.011405	0.010342	0.942085	0.036168	3
0.001760	0.538221	0.000041	0.459978	2
0.001372	0.947297	0.002551	0.048780	2
0.070849	0.003109	0.921373	0.004669	3
0.001729	0.234052	0.001835	0.762384	4
0.003265	0.988313	0.000058	0.008364	2
0.999122	0.000008	0.000793	0.000077	1
0.000092	0.000012	0.999877	0.000019	3
0.583845	0.000062	0.415391	0.000702	1
0.001935	0.000280	0.996423	0.001362	3
0.000002	0.000023	0.999966	0.000009	3
0.948370	0.000376	0.046415	0.004839	1
0.000347	0.971484	0.000353	0.027816	2
0.302964	0.000452	0.689840	0.006744	3
0.000774	0.000179	0.997323	0.001724	3
0.849922	0.000903	0.147060	0.002116	1
0.000169	0.904292	0.000285	0.095254	2
0.910933	0.000060	0.088918	0.000089	1
0.986675	0.000078	0.012522	0.000724	1
0.996488	0.000056	0.003262	0.000194	1
0.998205	0.000054	0.001632	0.000109	1
0.000023	0.951832	0.000109	0.048037	2
0.025707	0.306222	0.013088	0.654983	4
0.061798	0.000278	0.936990	0.000934	3
0.000124	0.953311	0.003608	0.042958	2
0.995075	0.000003	0.004262	0.000660	1
0.000969	0.347551	0.016549	0.634931	4
0.000094	0.001670	0.998136	0.000100	3
0.020684	0.103158	0.002265	0.873893	4
0.061511	0.008270	0.790629	0.139589	3
0.987869	0.001018	0.010202	0.000911	1
0.741175	0.163490	0.000605	0.094730	1
0.627195	0.005469	0.172297	0.195038	1
0.000233	0.942838	0.000789	0.056140	2
0.000007	0.931318	0.000009	0.068667	2
0.016335	0.000002	0.983517	0.000147	3
0.996575	0.000436	0.000743	0.002246	1
0.000021	0.002237	0.996116	0.001626	3
0.000150	0.000126	0.999473	0.000251	3
0.000128	0.000163	0.997996	0.001713	3
